igt,x,y,z
2385313,373.8724670410156,-223.756103515625,-1177.0
2385329,373.8724670410156,-223.756103515625,-1177.0
2385345,373.8724670410156,-223.756103515625,-1177.0
2385361,373.8724670410156,-223.756103515625,-1177.0
2385377,373.8724670410156,-223.756103515625,-1177.0
2385393,373.8724670410156,-223.756103515625,-1177.0
2385409,373.8724670410156,-223.756103515625,-1177.0
2385425,373.8724670410156,-223.756103515625,-1177.0
2385441,373.8724670410156,-223.756103515625,-1177.0
2385457,373.8724670410156,-223.756103515625,-1177.0
2385473,373.8724670410156,-223.756103515625,-1177.0
2385489,373.8724670410156,-223.756103515625,-1177.0
2385505,373.8724670410156,-223.756103515625,-1177.0
2385521,373.8724670410156,-223.756103515625,-1177.0
2385537,373.8724670410156,-223.756103515625,-1177.0
2385553,373.8724670410156,-223.756103515625,-1177.0
2385569,373.8724670410156,-223.756103515625,-1177.0
2385585,373.8724670410156,-223.756103515625,-1177.0
2385601,373.8724670410156,-223.756103515625,-1177.0
2385617,373.8724670410156,-223.756103515625,-1177.0
2385633,373.8724670410156,-223.756103515625,-1177.0
2385649,373.8724670410156,-223.756103515625,-1177.0
2385665,373.8724670410156,-223.756103515625,-1177.0
2385681,373.8724670410156,-223.756103515625,-1177.0
2385697,373.8724670410156,-223.756103515625,-1177.0
2385713,373.8724670410156,-223.756103515625,-1177.0
2385729,373.8724670410156,-223.756103515625,-1177.0
2385745,373.8724670410156,-223.756103515625,-1177.0
2385761,373.8724670410156,-223.756103515625,-1177.0
2385777,373.8724670410156,-223.756103515625,-1177.0
2385793,373.8724670410156,-223.756103515625,-1177.0
2385809,373.8724670410156,-223.756103515625,-1177.0
2385825,373.8724670410156,-223.756103515625,-1177.0
2385841,373.8724670410156,-223.756103515625,-1177.0
2385857,373.8724670410156,-223.756103515625,-1177.0
2385873,373.8724670410156,-223.756103515625,-1177.0
2385889,373.8724670410156,-223.756103515625,-1177.0
2385905,373.8724670410156,-223.756103515625,-1177.0
2385921,373.8724670410156,-223.756103515625,-1177.0
2385937,373.8724670410156,-223.756103515625,-1177.0
2385953,373.8724670410156,-223.756103515625,-1177.0
2385969,373.8724670410156,-223.756103515625,-1177.0
2385985,373.8724670410156,-223.756103515625,-1177.0
2386001,373.8724670410156,-223.756103515625,-1177.0
2386017,373.8724670410156,-223.756103515625,-1177.0
2386033,373.8724670410156,-223.756103515625,-1177.0
2386049,373.8724670410156,-223.756103515625,-1177.0
2386065,373.8724670410156,-223.756103515625,-1177.0
2386081,373.8724670410156,-223.756103515625,-1177.0
2386097,373.8724670410156,-223.756103515625,-1177.0
2386113,373.8724670410156,-223.756103515625,-1177.0
2386129,373.8724670410156,-223.756103515625,-1177.0
2386145,373.8724670410156,-223.756103515625,-1177.0
2386161,373.8724670410156,-223.756103515625,-1177.0
2386177,373.8724670410156,-223.756103515625,-1177.0
2386193,373.8724670410156,-223.756103515625,-1177.0
2386209,373.8724670410156,-223.756103515625,-1177.0
2386225,373.8724670410156,-223.756103515625,-1177.0
2386241,373.8724670410156,-223.756103515625,-1177.0
2386257,373.8724670410156,-223.756103515625,-1177.0
2386273,373.8724670410156,-223.756103515625,-1177.0
2386289,373.8724670410156,-223.756103515625,-1177.0
2386305,373.8724670410156,-223.756103515625,-1177.0
2386321,373.8724670410156,-223.756103515625,-1177.0
2386337,373.8724670410156,-223.756103515625,-1177.0
2386353,373.8724670410156,-223.756103515625,-1177.0
2386369,373.8724670410156,-223.756103515625,-1177.0
2386385,373.8724670410156,-223.756103515625,-1177.0
2386401,373.8724670410156,-223.756103515625,-1177.0
2386417,373.8724670410156,-223.756103515625,-1177.0
2386433,373.8724670410156,-223.756103515625,-1177.0
2386449,373.8724670410156,-223.756103515625,-1177.0
2386465,373.8724670410156,-223.756103515625,-1177.0
2386481,373.8724670410156,-223.756103515625,-1177.0
2386497,373.8724670410156,-223.756103515625,-1177.0
2386513,373.8724670410156,-223.756103515625,-1177.0
2386529,373.8724670410156,-223.756103515625,-1177.0
2386545,373.8724670410156,-223.756103515625,-1177.0
2386561,373.8724670410156,-223.756103515625,-1177.0
2386577,373.8724670410156,-223.756103515625,-1177.0
2386593,373.8724670410156,-223.756103515625,-1177.0
2386609,373.8724670410156,-223.756103515625,-1177.0
2386625,373.8724670410156,-223.756103515625,-1177.0
2386641,373.8724670410156,-223.756103515625,-1177.0
2386657,373.8724670410156,-223.756103515625,-1177.0
2386673,373.8724670410156,-223.756103515625,-1177.0
2386689,373.8724670410156,-223.756103515625,-1177.0
2386705,373.8724670410156,-223.756103515625,-1177.0
2386721,373.8724670410156,-223.756103515625,-1177.0
2386737,373.8724670410156,-223.756103515625,-1177.0
2386753,373.8724670410156,-223.756103515625,-1177.0
2386769,373.8724670410156,-223.756103515625,-1177.0
2386785,373.8724670410156,-223.756103515625,-1177.0
2386801,373.8724670410156,-223.756103515625,-1177.0
2386817,373.8724670410156,-223.756103515625,-1177.0
2386833,373.8724670410156,-223.756103515625,-1177.0
2386849,373.8724670410156,-223.756103515625,-1177.0
2386865,373.8724670410156,-223.756103515625,-1177.0
2386881,373.8724670410156,-223.756103515625,-1177.0
2386897,373.8724670410156,-223.756103515625,-1177.0
2386913,373.8724670410156,-223.756103515625,-1177.0
2386929,373.8724670410156,-223.756103515625,-1177.0
2386945,373.8724670410156,-223.756103515625,-1177.0
2386961,373.8724670410156,-223.756103515625,-1177.0
2386977,373.8724670410156,-223.756103515625,-1177.0
2386993,373.8724670410156,-223.756103515625,-1177.0
2387009,373.8724670410156,-223.756103515625,-1177.0
2387025,373.8724670410156,-223.756103515625,-1177.0
2387041,373.8724670410156,-223.756103515625,-1177.0
2387057,373.8724670410156,-223.756103515625,-1177.0
2387073,373.8724670410156,-223.756103515625,-1177.0
2387089,373.8724670410156,-223.756103515625,-1177.0
2387105,373.8724670410156,-223.756103515625,-1177.0
2387121,373.8724670410156,-223.756103515625,-1177.0
2387137,373.8724670410156,-223.756103515625,-1177.0
2387153,373.8724670410156,-223.756103515625,-1177.0
2387169,373.8724670410156,-223.756103515625,-1177.0
2387185,373.8724670410156,-223.756103515625,-1177.0
2387201,373.8724670410156,-223.756103515625,-1177.0
2387219,373.8724670410156,-223.756103515625,-1177.0
2387237,373.8724670410156,-223.756103515625,-1177.0
2387255,373.8724670410156,-223.756103515625,-1177.0
2387271,373.8724670410156,-223.756103515625,-1177.0
2387287,373.8724670410156,-223.756103515625,-1177.0
2387303,373.8724670410156,-223.756103515625,-1177.0
2387319,373.8724670410156,-223.756103515625,-1177.0
2387335,373.8724670410156,-223.756103515625,-1177.0
2387351,373.8724670410156,-223.756103515625,-1177.0
2387367,373.8724670410156,-223.756103515625,-1177.0
2387383,373.8724670410156,-223.756103515625,-1177.0
2387399,373.8724670410156,-223.756103515625,-1177.0
2387415,373.8724670410156,-223.756103515625,-1177.0
2387431,373.8724670410156,-223.756103515625,-1177.0
2387447,373.8724670410156,-223.756103515625,-1177.0
2387463,373.8724670410156,-223.756103515625,-1177.0
2387479,373.8724670410156,-223.756103515625,-1177.0
2387495,373.8724670410156,-223.756103515625,-1177.0
2387511,373.8724670410156,-223.756103515625,-1177.0
2387527,373.8724670410156,-223.756103515625,-1177.0
2387543,373.8724670410156,-223.756103515625,-1177.0
2387559,373.8724670410156,-223.756103515625,-1177.0
2387575,373.8724670410156,-223.756103515625,-1177.0
2387591,373.8724670410156,-223.756103515625,-1177.0
2387607,373.8724670410156,-223.756103515625,-1177.0
2387623,373.8724670410156,-223.756103515625,-1177.0
2387639,373.8724670410156,-223.756103515625,-1177.0
2387655,373.8724670410156,-223.756103515625,-1177.0
2387671,373.8724670410156,-223.756103515625,-1177.0
2387687,373.8724670410156,-223.756103515625,-1177.0
2387703,373.8724670410156,-223.756103515625,-1177.0
2387719,373.8724670410156,-223.756103515625,-1177.0
2387735,373.8724670410156,-223.756103515625,-1177.0
2387751,373.8724670410156,-223.756103515625,-1177.0
2387767,373.8724670410156,-223.756103515625,-1177.0
2387783,373.8724670410156,-223.756103515625,-1177.0
2387799,373.8724670410156,-223.756103515625,-1177.0
2387815,373.8724670410156,-223.756103515625,-1177.0
2387831,373.8724670410156,-223.756103515625,-1177.0
2387847,373.8724670410156,-223.756103515625,-1177.0
2387863,373.8724670410156,-223.756103515625,-1177.0
2387879,373.8724670410156,-223.756103515625,-1177.0
2387895,373.8724670410156,-223.756103515625,-1177.0
2387911,373.8724670410156,-223.756103515625,-1177.0
2387927,373.8724670410156,-223.756103515625,-1177.0
2387943,373.8724670410156,-223.756103515625,-1177.0
2387959,373.8724670410156,-223.756103515625,-1177.0
2387975,373.8724670410156,-223.756103515625,-1177.0
2387991,373.8724670410156,-223.756103515625,-1177.0
2388007,373.8724670410156,-223.756103515625,-1177.0
2388023,373.8724670410156,-223.756103515625,-1177.0
2388039,373.8724670410156,-223.756103515625,-1177.0
2388055,373.8724670410156,-223.756103515625,-1177.0
2388071,373.8724670410156,-223.756103515625,-1177.0
2388087,373.8724670410156,-223.756103515625,-1177.0
2388103,373.8724670410156,-223.756103515625,-1177.0
2388119,373.8724670410156,-223.756103515625,-1177.0
2388135,373.8724670410156,-223.756103515625,-1177.0
2388151,373.8724670410156,-223.756103515625,-1177.0
2388167,373.8724670410156,-223.756103515625,-1177.0
2388183,373.8724670410156,-223.756103515625,-1177.0
2388199,373.8724670410156,-223.756103515625,-1177.0
2388215,373.8724670410156,-223.756103515625,-1177.0
2388231,373.8724670410156,-223.756103515625,-1177.0
2388247,373.8724670410156,-223.756103515625,-1177.0
2388263,373.8724670410156,-223.756103515625,-1177.0
2388279,373.8724670410156,-223.756103515625,-1177.0
2388295,373.8724670410156,-223.756103515625,-1177.0
2388311,373.8724670410156,-223.756103515625,-1177.0
2388327,373.8724670410156,-223.756103515625,-1177.0
2388343,373.8724670410156,-223.756103515625,-1177.0
2388359,373.8724670410156,-223.756103515625,-1177.0
2388375,373.8724670410156,-223.756103515625,-1177.0
2388391,373.8724670410156,-223.756103515625,-1177.0
2388407,373.8724670410156,-223.756103515625,-1177.0
2388423,373.8724670410156,-223.756103515625,-1177.0
2388439,373.8724670410156,-223.756103515625,-1177.0
2388455,373.8724670410156,-223.756103515625,-1177.0
2388471,373.8724670410156,-223.756103515625,-1177.0
2388487,373.8724670410156,-223.756103515625,-1177.0
2388503,373.8724670410156,-223.756103515625,-1177.0
2388519,373.8724670410156,-223.756103515625,-1177.0
2388535,373.8724670410156,-223.756103515625,-1177.0
2388551,373.8724670410156,-223.756103515625,-1177.0
2388567,373.8724670410156,-223.756103515625,-1177.0
2388583,373.8724670410156,-223.756103515625,-1177.0
2388599,373.8724670410156,-223.756103515625,-1177.0
2388615,373.8724670410156,-223.756103515625,-1177.0
2388631,373.8724670410156,-223.756103515625,-1177.0
2388647,373.8724670410156,-223.756103515625,-1177.0
2388663,373.8724670410156,-223.756103515625,-1177.0
2388679,373.8724670410156,-223.756103515625,-1177.0
2388695,373.8724670410156,-223.756103515625,-1177.0
2388711,373.8724670410156,-223.756103515625,-1177.0
2388727,373.8724670410156,-223.756103515625,-1177.0
2388743,373.8724670410156,-223.756103515625,-1177.0
2388759,373.8724670410156,-223.756103515625,-1177.0
2388775,373.8724670410156,-223.756103515625,-1177.0
2388791,373.8724670410156,-223.756103515625,-1177.0
2388807,373.8724670410156,-223.756103515625,-1177.0
2388823,373.8724670410156,-223.756103515625,-1177.0
2388839,373.8724670410156,-223.756103515625,-1177.0
2388855,373.8724670410156,-223.756103515625,-1177.0
2388871,373.8724670410156,-223.756103515625,-1177.0
2388887,373.8724670410156,-223.756103515625,-1177.0
2388903,373.8724670410156,-223.756103515625,-1177.0
2388919,373.8724670410156,-223.756103515625,-1177.0
2388935,373.8724670410156,-223.756103515625,-1177.0
2388951,373.8724670410156,-223.756103515625,-1177.0
2388967,373.8724670410156,-223.756103515625,-1177.0
2388983,373.8724670410156,-223.756103515625,-1177.0
2388999,373.8724670410156,-223.756103515625,-1177.0
2389015,373.8724670410156,-223.756103515625,-1177.0
2389031,373.8724670410156,-223.756103515625,-1177.0
2389047,373.8724670410156,-223.756103515625,-1177.0
2389063,373.8724670410156,-223.756103515625,-1177.0
2389079,373.8724670410156,-223.756103515625,-1177.0
2389095,373.8724670410156,-223.756103515625,-1177.0
2389111,373.8724670410156,-223.756103515625,-1177.0
2389127,373.8724670410156,-223.756103515625,-1177.0
2389143,373.8724670410156,-223.756103515625,-1177.0
2389159,373.8724670410156,-223.756103515625,-1177.0
2389175,373.8724670410156,-223.756103515625,-1177.0
2389191,373.8724670410156,-223.756103515625,-1177.0
2389207,373.8724670410156,-223.756103515625,-1177.0
2389223,373.8724670410156,-223.756103515625,-1177.0
2389239,373.8724670410156,-223.756103515625,-1177.0
2389255,373.8724670410156,-223.756103515625,-1177.0
2389271,373.8724670410156,-223.756103515625,-1177.0
2389287,373.8724670410156,-223.756103515625,-1177.0
2389303,373.8724670410156,-223.756103515625,-1177.0
2389319,373.8724670410156,-223.756103515625,-1177.0
2389335,373.8724670410156,-223.756103515625,-1177.0
2389351,373.8724670410156,-223.756103515625,-1177.0
2389367,373.8724670410156,-223.756103515625,-1177.0
2389383,373.8724670410156,-223.756103515625,-1177.0
2389399,373.8724670410156,-223.756103515625,-1177.0
2389415,373.8724670410156,-223.756103515625,-1177.0
2389431,373.8724670410156,-223.756103515625,-1177.0
2389447,373.8724670410156,-223.756103515625,-1177.0
2389463,373.8724670410156,-223.756103515625,-1177.0
2389479,373.8724670410156,-223.756103515625,-1177.0
2389495,373.8724670410156,-223.756103515625,-1177.0
2389511,373.8724670410156,-223.756103515625,-1177.0
2389527,373.8724670410156,-223.756103515625,-1177.0
2389543,373.8724670410156,-223.756103515625,-1177.0
2389559,373.8724670410156,-223.756103515625,-1177.0
2389575,373.8724670410156,-223.756103515625,-1177.0
2389591,373.8724670410156,-223.756103515625,-1177.0
2389607,373.8724670410156,-223.756103515625,-1177.0
2389623,373.8724670410156,-223.756103515625,-1177.0
2389639,373.8724670410156,-223.756103515625,-1177.0
2389655,373.8724670410156,-223.756103515625,-1177.0
2389671,373.8724670410156,-223.756103515625,-1177.0
2389687,373.8724670410156,-223.756103515625,-1177.0
2389703,373.8724670410156,-223.756103515625,-1177.0
2389719,373.8724670410156,-223.756103515625,-1177.0
2389735,373.8724670410156,-223.756103515625,-1177.0
2389751,373.8724670410156,-223.756103515625,-1177.0
2389767,373.8724670410156,-223.756103515625,-1177.0
2389783,373.8724670410156,-223.756103515625,-1177.0
2389799,373.8724670410156,-223.756103515625,-1177.0
2389815,373.8724670410156,-223.756103515625,-1177.0
2389831,373.8724670410156,-223.756103515625,-1177.0
2389847,373.8724670410156,-223.756103515625,-1177.0
2389863,373.8724670410156,-223.756103515625,-1177.0
2389879,373.8724670410156,-223.756103515625,-1177.0
2389895,373.8724670410156,-223.756103515625,-1177.0
2389911,373.8724670410156,-223.756103515625,-1177.0
2389927,373.8724670410156,-223.756103515625,-1177.0
2389943,373.8724670410156,-223.756103515625,-1177.0
2389959,373.8724670410156,-223.756103515625,-1177.0
2389975,373.8724670410156,-223.756103515625,-1177.0
2389991,373.8724670410156,-223.756103515625,-1177.0
2390007,373.8724670410156,-223.756103515625,-1177.0
2390023,373.8724670410156,-223.756103515625,-1177.0
2390039,373.8724670410156,-223.756103515625,-1177.0
2390055,373.8724670410156,-223.756103515625,-1177.0
2390071,373.8724670410156,-223.756103515625,-1177.0
2390087,373.8724670410156,-223.756103515625,-1177.0
2390103,373.8724670410156,-223.756103515625,-1177.0
2390119,373.8724670410156,-223.756103515625,-1177.0
2390135,373.8724670410156,-223.756103515625,-1177.0
2390151,373.8724670410156,-223.756103515625,-1177.0
2390167,373.8724670410156,-223.756103515625,-1177.0
2390183,373.8724670410156,-223.756103515625,-1177.0
2390199,373.8724670410156,-223.756103515625,-1177.0
2390215,373.8724670410156,-223.756103515625,-1177.0
2390231,373.8724670410156,-223.756103515625,-1177.0
2390247,373.8724670410156,-223.756103515625,-1177.0
2390263,373.8724670410156,-223.756103515625,-1177.0
2390279,373.8724670410156,-223.756103515625,-1177.0
2390295,373.8724670410156,-223.756103515625,-1177.0
2390311,373.8724670410156,-223.756103515625,-1177.0
2390327,373.8724670410156,-223.756103515625,-1177.0
2390343,373.8724670410156,-223.756103515625,-1177.0
2390359,373.8724670410156,-223.756103515625,-1177.0
2390375,373.8724670410156,-223.756103515625,-1177.0
2390391,373.8724670410156,-223.756103515625,-1177.0
2390407,373.8724670410156,-223.756103515625,-1177.0
2390423,373.8724670410156,-223.756103515625,-1177.0
2390439,373.8724670410156,-223.756103515625,-1177.0
2390455,373.8724670410156,-223.756103515625,-1177.0
2390471,373.8724670410156,-223.756103515625,-1177.0
2390487,373.8724670410156,-223.756103515625,-1177.0
2390503,373.8724670410156,-223.756103515625,-1177.0
2390519,373.8724670410156,-223.756103515625,-1177.0
2390535,373.8724670410156,-223.756103515625,-1177.0
2390551,373.8724670410156,-223.756103515625,-1177.0
2390567,373.8724670410156,-223.756103515625,-1177.0
2390583,373.8724670410156,-223.756103515625,-1177.0
2390599,373.8724670410156,-223.756103515625,-1177.0
2390615,373.8724670410156,-223.756103515625,-1177.0
2390631,373.8724670410156,-223.756103515625,-1177.0
2390647,373.8724670410156,-223.756103515625,-1177.0
2390663,373.8724670410156,-223.756103515625,-1177.0
2390679,373.8724670410156,-223.756103515625,-1177.0
2390695,373.8724670410156,-223.756103515625,-1177.0
2390711,373.8724670410156,-223.756103515625,-1177.0
2390727,373.8724670410156,-223.756103515625,-1177.0
2390743,373.8724670410156,-223.756103515625,-1177.0
2390759,373.8724670410156,-223.756103515625,-1177.0
2390775,373.8724670410156,-223.756103515625,-1177.0
2390791,373.8724670410156,-223.756103515625,-1177.0
2390807,373.8724670410156,-223.756103515625,-1177.0
2390823,373.8724670410156,-223.756103515625,-1177.0
2390839,373.8724670410156,-223.756103515625,-1177.0
2390855,373.8724670410156,-223.756103515625,-1177.0
2390871,373.8724670410156,-223.756103515625,-1177.0
2390887,373.8724670410156,-223.756103515625,-1177.0
2390903,373.8724670410156,-223.756103515625,-1177.0
2390919,373.8724670410156,-223.756103515625,-1177.0
2390935,373.8724670410156,-223.756103515625,-1177.0
2390951,373.8724670410156,-223.756103515625,-1177.0
2390967,373.8724670410156,-223.756103515625,-1177.0
2390983,373.8724670410156,-223.756103515625,-1177.0
2390999,373.8724670410156,-223.756103515625,-1177.0
2391015,373.8724670410156,-223.756103515625,-1177.0
2391031,373.8724670410156,-223.756103515625,-1177.0
2391047,373.8724670410156,-223.756103515625,-1177.0
2391063,373.8724670410156,-223.756103515625,-1177.0
2391079,373.8724670410156,-223.756103515625,-1177.0
2391095,373.8724670410156,-223.756103515625,-1177.0
2391111,373.8724670410156,-223.756103515625,-1177.0
2391127,373.8724670410156,-223.756103515625,-1177.0
2391143,373.8724670410156,-223.756103515625,-1177.0
2391159,373.8724670410156,-223.756103515625,-1177.0
2391175,373.8724670410156,-223.756103515625,-1177.0
2391191,373.8724670410156,-223.756103515625,-1177.0
2391207,373.8724670410156,-223.756103515625,-1177.0
2391223,373.8724670410156,-223.756103515625,-1177.0
2391239,373.8724670410156,-223.756103515625,-1177.0
2391255,373.8724670410156,-223.756103515625,-1177.0
2391271,373.8724670410156,-223.756103515625,-1177.0
2391287,373.87249755859375,-223.756103515625,-1176.9998779296875
2391303,373.8726806640625,-223.756103515625,-1176.9998779296875
2391319,373.87347412109375,-223.756103515625,-1176.9998779296875
2391335,373.87481689453125,-223.756103515625,-1176.999755859375
2391351,373.8782653808594,-223.756103515625,-1176.9996337890625
2391367,373.8829345703125,-223.756103515625,-1176.99951171875
2391383,373.8921203613281,-223.756103515625,-1176.999267578125
2391399,373.90313720703125,-223.756103515625,-1176.9989013671875
2391415,373.92596435546875,-223.756103515625,-1176.9981689453125
2391431,373.9509582519531,-223.756103515625,-1176.997314453125
2391447,373.9842529296875,-223.756103515625,-1176.99609375
2391463,374.0181884765625,-223.756103515625,-1176.994873046875
2391479,374.0738830566406,-223.756103515625,-1176.9927978515625
2391495,374.1296081542969,-223.756103515625,-1176.9908447265625
2391511,374.202880859375,-223.756103515625,-1176.98828125
2391527,374.276123046875,-223.756103515625,-1176.9857177734375
2391543,374.35491943359375,-223.756103515625,-1176.9830322265625
2391559,374.43365478515625,-223.756103515625,-1176.9803466796875
2391575,374.51666259765625,-223.756103515625,-1176.9774169921875
2391591,374.59967041015625,-223.756103515625,-1176.974365234375
2391607,374.6882019042969,-223.756103515625,-1176.971435546875
2391623,374.77667236328125,-223.756103515625,-1176.9683837890625
2391639,374.8653564453125,-223.756103515625,-1176.96533203125
2391655,374.9540100097656,-223.756103515625,-1176.9622802734375
2391671,375.0211181640625,-223.756103515625,-1176.9599609375
2391687,375.08819580078125,-223.756103515625,-1176.957763671875
2391703,375.1132507324219,-223.756103515625,-1176.9569091796875
2391719,375.1382751464844,-223.756103515625,-1176.9560546875
2391735,375.1417236328125,-223.756103515625,-1176.9559326171875
2391751,375.1451721191406,-223.756103515625,-1176.955810546875
2391767,375.14886474609375,-223.756103515625,-1176.955810546875
2391783,375.1525573730469,-223.756103515625,-1176.955810546875
2391799,375.1639099121094,-223.756103515625,-1176.9554443359375
2391815,375.1752014160156,-223.756103515625,-1176.9552001953125
2391831,375.18682861328125,-223.756103515625,-1176.9549560546875
2391847,375.1985168457031,-223.756103515625,-1176.95458984375
2391863,375.21038818359375,-223.756103515625,-1176.9542236328125
2391879,375.2222900390625,-223.756103515625,-1176.9539794921875
2391895,375.2342529296875,-223.756103515625,-1176.95361328125
2391911,375.2462158203125,-223.756103515625,-1176.953369140625
2391927,375.25811767578125,-223.756103515625,-1176.9530029296875
2391943,375.27001953125,-223.756103515625,-1176.9527587890625
2391959,375.28167724609375,-223.756103515625,-1176.9525146484375
2391975,375.2933349609375,-223.756103515625,-1176.9521484375
2391991,375.3046875,-223.756103515625,-1176.951904296875
2392007,375.3160095214844,-223.756103515625,-1176.9515380859375
2392023,375.326904296875,-223.756103515625,-1176.951171875
2392039,375.3377990722656,-223.756103515625,-1176.9508056640625
2392055,375.3479919433594,-223.756103515625,-1176.9503173828125
2392071,375.3582763671875,-223.756103515625,-1176.949951171875
2392087,375.3678283691406,-223.756103515625,-1176.94970703125
2392103,375.37738037109375,-223.756103515625,-1176.9493408203125
2392119,375.38623046875,-223.756103515625,-1176.9488525390625
2392135,375.3951721191406,-223.756103515625,-1176.948486328125
2392151,375.403564453125,-223.756103515625,-1176.9482421875
2392167,375.4119567871094,-223.756103515625,-1176.9481201171875
2392183,375.41986083984375,-223.756103515625,-1176.947998046875
2392199,375.427734375,-223.756103515625,-1176.94775390625
2392215,375.4351501464844,-223.756103515625,-1176.947509765625
2392231,375.4425048828125,-223.756103515625,-1176.947265625
2392247,375.4493713378906,-223.756103515625,-1176.947021484375
2392263,375.4562072753906,-223.756103515625,-1176.9468994140625
2392279,375.4625244140625,-223.756103515625,-1176.9466552734375
2392295,375.46881103515625,-223.756103515625,-1176.9464111328125
2392311,375.4744873046875,-223.756103515625,-1176.946044921875
2392327,375.4801940917969,-223.756103515625,-1176.94580078125
2392343,375.4852294921875,-223.756103515625,-1176.94580078125
2392359,375.4903259277344,-223.756103515625,-1176.9459228515625
2392375,375.4947204589844,-223.756103515625,-1176.9456787109375
2392391,375.4991455078125,-223.756103515625,-1176.9454345703125
2392407,375.5025329589844,-223.756103515625,-1176.9453125
2392423,375.50592041015625,-223.756103515625,-1176.9451904296875
2392439,375.50811767578125,-223.756103515625,-1176.945068359375
2392455,375.5103454589844,-223.756103515625,-1176.94482421875
2392471,375.5116271972656,-223.756103515625,-1176.9449462890625
2392487,375.51287841796875,-223.756103515625,-1176.9449462890625
2392503,375.5134582519531,-223.756103515625,-1176.9449462890625
2392519,375.5140686035156,-223.756103515625,-1176.945068359375
2392535,375.5142517089844,-223.756103515625,-1176.945068359375
2392551,375.5144958496094,-223.756103515625,-1176.945068359375
2392567,375.5146179199219,-223.756103515625,-1176.945068359375
2392583,375.5147399902344,-223.756103515625,-1176.945068359375
2392599,375.5150451660156,-223.756103515625,-1176.945068359375
2392615,375.5152893066406,-223.756103515625,-1176.945068359375
2392631,375.5160827636719,-223.756103515625,-1176.945068359375
2392647,375.5168151855469,-223.756103515625,-1176.945068359375
2392663,375.5168151855469,-223.756103515625,-1176.945068359375
2392679,375.5168151855469,-223.756103515625,-1176.945068359375
2392695,375.5168151855469,-223.756103515625,-1176.945068359375
2392711,375.5168151855469,-223.756103515625,-1176.945068359375
2392727,375.5168151855469,-223.756103515625,-1176.945068359375
2392743,375.5168151855469,-223.756103515625,-1176.945068359375
2392759,375.5168151855469,-223.756103515625,-1176.945068359375
2392775,375.5168151855469,-223.756103515625,-1176.945068359375
2392791,375.5168151855469,-223.756103515625,-1176.945068359375
2392807,375.5168151855469,-223.756103515625,-1176.945068359375
2392823,375.5168151855469,-223.756103515625,-1176.945068359375
2392839,375.5168151855469,-223.756103515625,-1176.945068359375
2392855,375.5168151855469,-223.756103515625,-1176.945068359375
2392871,375.5168151855469,-223.756103515625,-1176.945068359375
2392887,375.5168151855469,-223.756103515625,-1176.945068359375
2392903,375.5168151855469,-223.756103515625,-1176.945068359375
2392919,375.5168151855469,-223.756103515625,-1176.945068359375
2392935,375.5168151855469,-223.756103515625,-1176.945068359375
2392951,375.5168151855469,-223.756103515625,-1176.945068359375
2392967,375.5168151855469,-223.756103515625,-1176.945068359375
2392983,375.5168151855469,-223.756103515625,-1176.945068359375
2392999,375.5168151855469,-223.756103515625,-1176.945068359375
2393015,375.5168151855469,-223.756103515625,-1176.945068359375
2393031,375.5168151855469,-223.756103515625,-1176.945068359375
2393047,375.5168151855469,-223.756103515625,-1176.945068359375
2393063,375.5168151855469,-223.756103515625,-1176.945068359375
2393079,375.5168151855469,-223.756103515625,-1176.945068359375
2393095,375.5168151855469,-223.756103515625,-1176.945068359375
2393111,375.5168151855469,-223.756103515625,-1176.945068359375
2393127,375.5168151855469,-223.756103515625,-1176.945068359375
2393143,375.5168151855469,-223.756103515625,-1176.945068359375
2393159,375.5168151855469,-223.756103515625,-1176.945068359375
2393175,375.5168151855469,-223.756103515625,-1176.945068359375
2393191,375.5168151855469,-223.756103515625,-1176.945068359375
2393207,375.5168151855469,-223.756103515625,-1176.945068359375
2393223,375.5168151855469,-223.756103515625,-1176.945068359375
2393239,375.58233642578125,-223.756103515625,-1176.9453125
2393255,375.6478271484375,-223.756103515625,-1176.9427490234375
2393271,375.7133483886719,-223.756103515625,-1176.9429931640625
2393287,375.77886962890625,-223.756103515625,-1176.943115234375
2393303,375.8443908691406,-223.756103515625,-1176.9432373046875
2393319,375.909912109375,-223.756103515625,-1176.9434814453125
2393335,375.9754333496094,-223.756103515625,-1176.9437255859375
2393351,376.04095458984375,-223.756103515625,-1176.9439697265625
2393367,376.1064758300781,-223.756103515625,-1176.944091796875
2393383,376.1719970703125,-223.756103515625,-1176.9443359375
2393399,376.2375183105469,-223.756103515625,-1176.9444580078125
2393415,376.30303955078125,-223.756103515625,-1176.9447021484375
2393431,376.3685607910156,-223.756103515625,-1176.9449462890625
2393447,376.43408203125,-223.756103515625,-1176.945068359375
2393463,376.4996032714844,-223.756103515625,-1176.9453125
2393479,376.5650939941406,-223.756103515625,-1176.945556640625
2393495,376.630615234375,-223.756103515625,-1176.94580078125
2393511,376.6961669921875,-223.756103515625,-1176.946044921875
2393527,376.7616882324219,-223.756103515625,-1176.9462890625
2393543,376.8272399902344,-223.756103515625,-1176.9466552734375
2393559,376.8927307128906,-223.756103515625,-1176.9468994140625
2393575,376.958251953125,-223.756103515625,-1176.9471435546875
2393591,377.02374267578125,-223.756103515625,-1176.9473876953125
2393607,377.08929443359375,-223.756103515625,-1176.9476318359375
2393623,377.15484619140625,-223.756103515625,-1176.9478759765625
2393639,377.2203369140625,-223.756103515625,-1176.9481201171875
2393655,377.28582763671875,-223.756103515625,-1176.9483642578125
2393671,377.351318359375,-223.756103515625,-1176.948486328125
2393687,377.4169006347656,-223.756103515625,-1176.9488525390625
2393703,377.482421875,-223.756103515625,-1176.9490966796875
2393719,377.5479736328125,-223.756103515625,-1176.9493408203125
2393735,377.61346435546875,-223.756103515625,-1176.94970703125
2393751,377.678955078125,-223.756103515625,-1176.949951171875
2393767,377.74444580078125,-223.756103515625,-1176.9501953125
2393783,377.8099365234375,-223.756103515625,-1176.950439453125
2393799,377.87542724609375,-223.756103515625,-1176.9505615234375
2393815,377.94091796875,-223.756103515625,-1176.950927734375
2393831,378.00640869140625,-223.756103515625,-1176.9512939453125
2393847,378.0719299316406,-223.756103515625,-1176.9512939453125
2393863,378.1374816894531,-223.756103515625,-1176.9515380859375
2393879,378.2030029296875,-223.756103515625,-1176.951904296875
2393895,378.26849365234375,-223.756103515625,-1176.9521484375
2393911,378.333984375,-223.756103515625,-1176.9522705078125
2393927,378.3995056152344,-223.756103515625,-1176.9525146484375
2393943,378.46502685546875,-223.756103515625,-1176.9527587890625
2393959,378.53057861328125,-223.756103515625,-1176.9530029296875
2393975,378.5960693359375,-223.75608825683594,-1176.9532470703125
2393991,378.66162109375,-223.75608825683594,-1176.9534912109375
2394007,378.7271728515625,-223.75608825683594,-1176.9537353515625
2394023,378.792724609375,-223.75608825683594,-1176.9539794921875
2394039,378.85821533203125,-223.75608825683594,-1176.9542236328125
2394055,378.92376708984375,-223.75608825683594,-1176.9544677734375
2394071,378.9892883300781,-223.75608825683594,-1176.9547119140625
2394087,379.0548400878906,-223.75608825683594,-1176.9549560546875
2394103,379.1203308105469,-223.75608825683594,-1176.9552001953125
2394119,379.1858825683594,-223.75608825683594,-1176.9554443359375
2394135,379.2514343261719,-223.75608825683594,-1176.9556884765625
2394151,379.3169250488281,-223.75608825683594,-1176.9559326171875
2394167,379.3824157714844,-223.75608825683594,-1176.9561767578125
2394183,379.4479675292969,-223.75608825683594,-1176.9564208984375
2394199,379.5135192871094,-223.75608825683594,-1176.9566650390625
2394215,379.57904052734375,-223.75608825683594,-1176.9569091796875
2394231,379.6445617675781,-223.75608825683594,-1176.9571533203125
2394247,379.7101135253906,-223.75608825683594,-1176.9573974609375
2394263,379.7756652832031,-223.75608825683594,-1176.9576416015625
2394279,379.8412170410156,-223.756103515625,-1176.9578857421875
2394295,379.9067687988281,-223.756103515625,-1176.9581298828125
2394311,379.9723205566406,-223.756103515625,-1176.9583740234375
2394327,380.037841796875,-223.756103515625,-1176.95849609375
2394343,380.1033935546875,-223.756103515625,-1176.958740234375
2394359,380.1689453125,-223.756103515625,-1176.958984375
2394375,380.2344970703125,-223.756103515625,-1176.959228515625
2394391,380.29998779296875,-223.756103515625,-1176.95947265625
2394407,380.365478515625,-223.756103515625,-1176.9595947265625
2394423,380.4310302734375,-223.756103515625,-1176.959716796875
2394439,380.49652099609375,-223.756103515625,-1176.9599609375
2394455,380.56207275390625,-223.756103515625,-1176.960205078125
2394471,380.62762451171875,-223.756103515625,-1176.96044921875
2394487,380.69317626953125,-223.756103515625,-1176.960693359375
2394503,380.75872802734375,-223.756103515625,-1176.9609375
2394519,380.8242492675781,-223.756103515625,-1176.9610595703125
2394535,380.8897705078125,-223.756103515625,-1176.9613037109375
2394551,380.955322265625,-223.756103515625,-1176.9615478515625
2394567,381.02081298828125,-223.756103515625,-1176.9617919921875
2394583,381.08636474609375,-223.756103515625,-1176.9620361328125
2394599,381.15185546875,-223.756103515625,-1176.96240234375
2394615,381.2174072265625,-223.75611877441406,-1176.962646484375
2394631,381.2829284667969,-223.75611877441406,-1176.962890625
2394647,381.3484802246094,-223.75611877441406,-1176.963134765625
2394663,381.41400146484375,-223.75611877441406,-1176.96337890625
2394679,381.47955322265625,-223.75611877441406,-1176.963623046875
2394695,381.5450744628906,-223.75613403320312,-1176.9637451171875
2394711,381.610595703125,-223.75613403320312,-1176.9639892578125
2394727,381.6761474609375,-223.75613403320312,-1176.964111328125
2394743,381.74169921875,-223.7561492919922,-1176.9642333984375
2394759,381.8072204589844,-223.7561492919922,-1176.9644775390625
2394775,381.87274169921875,-223.7561492919922,-1176.9647216796875
2394791,381.93829345703125,-223.75616455078125,-1176.96484375
2394807,382.00384521484375,-223.75616455078125,-1176.965087890625
2394823,382.0693664550781,-223.7561798095703,-1176.9654541015625
2394839,382.1348571777344,-223.7561798095703,-1176.965576171875
2394855,382.20037841796875,-223.7561798095703,-1176.9659423828125
2394871,382.2658996582031,-223.75619506835938,-1176.9661865234375
2394887,382.3313903808594,-223.75619506835938,-1176.9664306640625
2394903,382.3969421386719,-223.75619506835938,-1176.966796875
2394919,382.4624938964844,-223.75621032714844,-1176.967041015625
2394935,382.5281066894531,-223.75621032714844,-1176.9671630859375
2394951,382.59503173828125,-223.7562255859375,-1176.9674072265625
2394967,382.6637878417969,-223.7562255859375,-1176.967529296875
2394983,382.73504638671875,-223.7562255859375,-1176.9677734375
2394999,382.80865478515625,-223.75624084472656,-1176.968017578125
2395015,382.8872985839844,-223.75624084472656,-1176.9681396484375
2395031,382.9698486328125,-223.75625610351562,-1176.968505859375
2395047,383.0572509765625,-223.75625610351562,-1176.9688720703125
2395063,383.1497802734375,-223.7562713623047,-1176.9691162109375
2395079,383.2460632324219,-223.7562713623047,-1176.969482421875
2395095,383.3453674316406,-223.75628662109375,-1176.9697265625
2395111,383.4477844238281,-223.75628662109375,-1176.9700927734375
2395127,383.5511779785156,-223.7563018798828,-1176.970458984375
2395143,383.6566467285156,-223.75631713867188,-1176.9705810546875
2395159,383.75885009765625,-223.75631713867188,-1176.9708251953125
2395175,383.8606872558594,-223.75633239746094,-1176.97119140625
2395191,383.9573669433594,-223.75633239746094,-1176.9715576171875
2395207,384.05364990234375,-223.75634765625,-1176.971923828125
2395223,384.144287109375,-223.75634765625,-1176.9722900390625
2395239,384.2344665527344,-223.75636291503906,-1176.97265625
2395255,384.3190002441406,-223.75636291503906,-1176.9730224609375
2395271,384.4043273925781,-223.75637817382812,-1176.9732666015625
2395287,384.50006103515625,-223.75637817382812,-1176.9736328125
2395303,384.59576416015625,-223.7563934326172,-1176.97412109375
2395319,384.6915283203125,-223.7563934326172,-1176.974609375
2395335,384.78729248046875,-223.75640869140625,-1176.9749755859375
2395351,384.8831787109375,-223.7564239501953,-1176.975341796875
2395367,384.9791564941406,-223.7564239501953,-1176.9757080078125
2395383,385.0760498046875,-223.75643920898438,-1176.97607421875
2395399,385.1728515625,-223.75643920898438,-1176.9765625
2395415,385.2680358886719,-223.75645446777344,-1176.9769287109375
2395431,385.3632507324219,-223.75645446777344,-1176.977294921875
2395447,385.4594421386719,-223.7559051513672,-1176.9776611328125
2395463,385.5555114746094,-223.75511169433594,-1176.97802734375
2395479,385.65020751953125,-223.7543487548828,-1176.9783935546875
2395495,385.7447509765625,-223.75357055664062,-1176.978759765625
2395511,385.8377990722656,-223.75282287597656,-1176.9791259765625
2395527,385.9312744140625,-223.75205993652344,-1176.9794921875
2395543,386.0306701660156,-223.75123596191406,-1176.9798583984375
2395559,386.13067626953125,-223.75042724609375,-1176.980224609375
2395575,386.2386779785156,-223.74954223632812,-1176.9805908203125
2395591,386.3469543457031,-223.7486572265625,-1176.9808349609375
2395607,386.4591369628906,-223.74794006347656,-1176.9810791015625
2395623,386.5711669921875,-223.74795532226562,-1176.9814453125
2395639,386.68182373046875,-223.74795532226562,-1176.9818115234375
2395655,386.7923278808594,-223.7479705810547,-1176.982177734375
2395671,386.90045166015625,-223.7479705810547,-1176.9825439453125
2395687,387.0081481933594,-223.7479705810547,-1176.9827880859375
2395703,387.11041259765625,-223.74798583984375,-1176.9830322265625
2395719,387.2122497558594,-223.74798583984375,-1176.9835205078125
2395735,387.3089294433594,-223.74798583984375,-1176.98388671875
2395751,387.4051818847656,-223.7480010986328,-1176.9842529296875
2395767,387.4957580566406,-223.7480010986328,-1176.984619140625
2395783,387.5859680175781,-223.7480010986328,-1176.9852294921875
2395799,387.67047119140625,-223.7480010986328,-1176.9853515625
2395815,387.7557678222656,-223.74801635742188,-1176.985595703125
2395831,387.85150146484375,-223.74801635742188,-1176.9859619140625
2395847,387.947265625,-223.74801635742188,-1176.986083984375
2395863,388.0429992675781,-223.74801635742188,-1176.986083984375
2395879,388.13873291015625,-223.74801635742188,-1176.9857177734375
2395895,388.234619140625,-223.7480010986328,-1176.98486328125
2395911,388.33062744140625,-223.7480010986328,-1176.98388671875
2395927,388.4275817871094,-223.7480010986328,-1176.9830322265625
2395943,388.5243835449219,-223.7480010986328,-1176.982177734375
2395959,388.6195068359375,-223.7480010986328,-1176.9813232421875
2395975,388.7147521972656,-223.7480010986328,-1176.9803466796875
2395991,388.8109436035156,-223.74798583984375,-1176.9793701171875
2396007,388.9070739746094,-223.74798583984375,-1176.978271484375
2396023,389.0017395019531,-223.74798583984375,-1176.97705078125
2396039,389.0962829589844,-223.74798583984375,-1176.975830078125
2396055,389.1893310546875,-223.7479705810547,-1176.974609375
2396071,389.2828369140625,-223.7479705810547,-1176.97314453125
2396087,389.38226318359375,-223.7479705810547,-1176.9716796875
2396103,389.4822692871094,-223.7479705810547,-1176.9703369140625
2396119,389.59027099609375,-223.74795532226562,-1176.96875
2396135,389.6985168457031,-223.74795532226562,-1176.9671630859375
2396151,389.81072998046875,-223.74795532226562,-1176.9654541015625
2396167,389.92279052734375,-223.74794006347656,-1176.9638671875
2396183,390.033447265625,-223.74794006347656,-1176.9622802734375
2396199,390.1438903808594,-223.74794006347656,-1176.9605712890625
2396215,390.25201416015625,-223.74794006347656,-1176.959228515625
2396231,390.3597106933594,-223.7479248046875,-1176.9576416015625
2396247,390.46197509765625,-223.7479248046875,-1176.9559326171875
2396263,390.5638122558594,-223.7479248046875,-1176.95458984375
2396279,390.6604309082031,-223.74790954589844,-1176.9530029296875
2396295,390.75665283203125,-223.74790954589844,-1176.95166015625
2396311,390.8472900390625,-223.74790954589844,-1176.9503173828125
2396327,390.9374694824219,-223.74790954589844,-1176.948974609375
2396343,391.0220031738281,-223.74789428710938,-1176.9478759765625
2396359,391.10736083984375,-223.74789428710938,-1176.94677734375
2396375,391.2030944824219,-223.74789428710938,-1176.9454345703125
2396391,391.298828125,-223.74789428710938,-1176.944091796875
2396407,391.39459228515625,-223.7478790283203,-1176.9427490234375
2396423,391.4903869628906,-223.7478790283203,-1176.94140625
2396439,391.5863342285156,-223.7478790283203,-1176.9400634765625
2396455,391.68231201171875,-223.7478790283203,-1176.9388427734375
2396471,391.77923583984375,-223.74786376953125,-1176.9375
2396487,391.8760681152344,-223.74786376953125,-1176.9361572265625
2396503,391.97119140625,-223.74786376953125,-1176.9349365234375
2396519,392.06640625,-223.74786376953125,-1176.93359375
2396535,392.16259765625,-223.7478485107422,-1176.93212890625
2396551,392.2586669921875,-223.7478485107422,-1176.9307861328125
2396567,392.3533935546875,-223.7478485107422,-1176.9295654296875
2396583,392.4479675292969,-223.74789428710938,-1176.92822265625
2396599,392.5410461425781,-223.7480926513672,-1176.927001953125
2396615,392.634521484375,-223.748291015625,-1176.92578125
2396631,392.73388671875,-223.7484893798828,-1176.9244384765625
2396647,392.8338928222656,-223.7487030029297,-1176.923095703125
2396663,392.94189453125,-223.74893188476562,-1176.9215087890625
2396679,393.0501403808594,-223.74916076660156,-1176.919921875
2396695,393.162353515625,-223.7493896484375,-1176.9183349609375
2396711,393.2743835449219,-223.7496337890625,-1176.916748046875
2396727,393.38507080078125,-223.74986267089844,-1176.9151611328125
2396743,393.49554443359375,-223.75009155273438,-1176.9134521484375
2396759,393.6036682128906,-223.7503204345703,-1176.9117431640625
2396775,393.7113952636719,-223.75054931640625,-1176.9102783203125
2396791,393.8136291503906,-223.75076293945312,-1176.9088134765625
2396807,393.9154968261719,-223.7509765625,-1176.9073486328125
2396823,394.0121154785156,-223.75119018554688,-1176.906005859375
2396839,394.10833740234375,-223.7513885498047,-1176.9046630859375
2396855,394.1989440917969,-223.75157165527344,-1176.9031982421875
2396871,394.2891845703125,-223.75177001953125,-1176.9019775390625
2396887,394.3736572265625,-223.751953125,-1176.900634765625
2396903,394.4590148925781,-223.7521209716797,-1176.8992919921875
2396919,394.55474853515625,-223.7523193359375,-1176.89794921875
2396935,394.6505432128906,-223.75253295898438,-1176.896728515625
2396951,394.7463073730469,-223.7527313232422,-1176.8953857421875
2396967,394.842041015625,-223.7529296875,-1176.89404296875
2396983,394.9379577636719,-223.7531280517578,-1176.8927001953125
2396999,395.0339660644531,-223.7533416748047,-1176.891357421875
2397015,395.13092041015625,-223.7535400390625,-1176.8900146484375
2397031,395.2276611328125,-223.7537384033203,-1176.8887939453125
2397047,395.32275390625,-223.75393676757812,-1176.887451171875
2397063,395.41796875,-223.754150390625,-1176.8861083984375
2397079,395.51409912109375,-223.7543487548828,-1176.884765625
2397095,395.61016845703125,-223.75454711914062,-1176.8834228515625
2397111,395.704833984375,-223.75474548339844,-1176.882080078125
2397127,395.7994079589844,-223.75494384765625,-1176.8807373046875
2397143,395.8924255371094,-223.75514221191406,-1176.8792724609375
2397159,395.98590087890625,-223.75534057617188,-1176.8780517578125
2397175,396.08526611328125,-223.75555419921875,-1176.876708984375
2397191,396.185302734375,-223.75575256347656,-1176.8753662109375
2397207,396.29327392578125,-223.7559814453125,-1176.8739013671875
2397223,396.40155029296875,-223.75608825683594,-1176.8724365234375
2397239,396.51373291015625,-223.75608825683594,-1176.8709716796875
2397255,396.62579345703125,-223.75608825683594,-1176.869384765625
2397271,396.7364807128906,-223.75608825683594,-1176.8677978515625
2397287,396.84698486328125,-223.75608825683594,-1176.8662109375
2397303,396.955078125,-223.75608825683594,-1176.86474609375
2397319,397.0627746582031,-223.75608825683594,-1176.8631591796875
2397335,397.1650085449219,-223.75608825683594,-1176.8616943359375
2397351,397.266845703125,-223.75608825683594,-1176.8602294921875
2397367,397.36346435546875,-223.75608825683594,-1176.8590087890625
2397383,397.459716796875,-223.75608825683594,-1176.8577880859375
2397399,397.55035400390625,-223.75608825683594,-1176.856689453125
2397415,397.64056396484375,-223.75608825683594,-1176.8555908203125
2397431,397.72509765625,-223.75608825683594,-1176.8541259765625
2397447,397.8103942871094,-223.75608825683594,-1176.8529052734375
2397463,397.9060974121094,-223.75608825683594,-1176.8514404296875
2397479,398.0018615722656,-223.75608825683594,-1176.850341796875
2397495,398.0976257324219,-223.75608825683594,-1176.8489990234375
2397511,398.1933898925781,-223.75608825683594,-1176.84765625
2397527,398.289306640625,-223.75608825683594,-1176.8463134765625
2397543,398.3852844238281,-223.75608825683594,-1176.844970703125
2397559,398.482177734375,-223.75608825683594,-1176.8436279296875
2397575,398.5789794921875,-223.75608825683594,-1176.84228515625
2397591,398.6741027832031,-223.75608825683594,-1176.8409423828125
2397607,398.769287109375,-223.75608825683594,-1176.839599609375
2397623,398.865478515625,-223.75608825683594,-1176.8382568359375
2397639,398.9615173339844,-223.75608825683594,-1176.8369140625
2397655,399.05621337890625,-223.75608825683594,-1176.8355712890625
2397671,399.15081787109375,-223.75608825683594,-1176.834228515625
2397687,399.2438659667969,-223.75608825683594,-1176.8328857421875
2397703,399.3373718261719,-223.75608825683594,-1176.83154296875
2397719,399.4367980957031,-223.75608825683594,-1176.8302001953125
2397735,399.5368347167969,-223.75608825683594,-1176.82861328125
2397751,399.64483642578125,-223.75608825683594,-1176.8271484375
2397767,399.7530517578125,-223.75608825683594,-1176.8255615234375
2397783,399.8652038574219,-223.75608825683594,-1176.823974609375
2397799,399.9772644042969,-223.75608825683594,-1176.822265625
2397815,400.08795166015625,-223.75608825683594,-1176.8206787109375
2397831,400.1984558105469,-223.75608825683594,-1176.819091796875
2397847,400.3065185546875,-223.75608825683594,-1176.8175048828125
2397863,400.4142150878906,-223.75608825683594,-1176.8160400390625
2397879,400.51641845703125,-223.75608825683594,-1176.8145751953125
2397895,400.6182556152344,-223.75608825683594,-1176.81298828125
2397911,400.7149353027344,-223.75608825683594,-1176.811767578125
2397927,400.8111877441406,-223.75608825683594,-1176.8104248046875
2397943,400.90185546875,-223.75608825683594,-1176.809326171875
2397959,400.99200439453125,-223.75608825683594,-1176.80810546875
2397975,401.0765075683594,-223.75608825683594,-1176.806884765625
2397991,401.16180419921875,-223.75608825683594,-1176.8056640625
2398007,401.257568359375,-223.75608825683594,-1176.80419921875
2398023,401.35333251953125,-223.75608825683594,-1176.8028564453125
2398039,401.4490661621094,-223.75608825683594,-1176.8013916015625
2398055,401.5447692871094,-223.75608825683594,-1176.800048828125
2398071,401.6407165527344,-223.75608825683594,-1176.7987060546875
2398087,401.7366943359375,-223.75608825683594,-1176.7972412109375
2398103,401.8336181640625,-223.75608825683594,-1176.7958984375
2398119,401.9303894042969,-223.75608825683594,-1176.7945556640625
2398135,402.0255126953125,-223.75608825683594,-1176.793212890625
2398151,402.1207580566406,-223.75608825683594,-1176.791748046875
2398167,402.2169189453125,-223.75608825683594,-1176.7904052734375
2398183,402.3129577636719,-223.75592041015625,-1176.7890625
2398199,402.4076232910156,-223.75570678710938,-1176.7877197265625
2398215,402.5022277832031,-223.75550842285156,-1176.786376953125
2398231,402.5952453613281,-223.75531005859375,-1176.784912109375
2398247,402.6887512207031,-223.75511169433594,-1176.7835693359375
2398263,402.78814697265625,-223.75489807128906,-1176.7822265625
2398279,402.8881530761719,-223.7546844482422,-1176.7808837890625
2398295,402.9961242675781,-223.75445556640625,-1176.779296875
2398311,403.1044006347656,-223.75421142578125,-1176.77783203125
2398327,403.216552734375,-223.7539825439453,-1176.776123046875
2398343,403.32861328125,-223.7537384033203,-1176.7745361328125
2398359,403.43927001953125,-223.7534942626953,-1176.77294921875
2398375,403.54974365234375,-223.75326538085938,-1176.7713623046875
2398391,403.6578063964844,-223.75302124023438,-1176.7698974609375
2398407,403.7655029296875,-223.75279235839844,-1176.768310546875
2398423,403.8677062988281,-223.75257873535156,-1176.7667236328125
2398439,403.9695739746094,-223.7523651123047,-1176.7652587890625
2398455,404.06622314453125,-223.7521514892578,-1176.763916015625
2398471,404.1624450683594,-223.75193786621094,-1176.7625732421875
2398487,404.25311279296875,-223.7517547607422,-1176.7613525390625
2398503,404.34326171875,-223.75155639648438,-1176.76025390625
2398519,404.42779541015625,-223.75137329101562,-1176.7587890625
2398535,404.51312255859375,-223.75119018554688,-1176.757568359375
2398551,404.6088562011719,-223.75099182128906,-1176.75634765625
2398567,404.7045593261719,-223.7507781982422,-1176.7548828125
2398583,404.8003234863281,-223.75057983398438,-1176.7535400390625
2398599,404.8960876464844,-223.7503662109375,-1176.752197265625
2398615,404.9920349121094,-223.7501678466797,-1176.7508544921875
2398631,405.0880126953125,-223.7499542236328,-1176.74951171875
2398647,405.1849060058594,-223.749755859375,-1176.7481689453125
2398663,405.2817077636719,-223.74954223632812,-1176.7469482421875
2398679,405.3768310546875,-223.7493438720703,-1176.7457275390625
2398695,405.4720153808594,-223.74913024902344,-1176.7445068359375
2398711,405.5682067871094,-223.74893188476562,-1176.7431640625
2398727,405.6642761230469,-223.74871826171875,-1176.7418212890625
2398743,405.7590026855469,-223.74851989746094,-1176.7403564453125
2398759,405.85357666015625,-223.74832153320312,-1176.7388916015625
2398775,405.94659423828125,-223.7481231689453,-1176.7374267578125
2398791,406.04010009765625,-223.74790954589844,-1176.7362060546875
2398807,406.1394958496094,-223.74769592285156,-1176.73486328125
2398823,406.239501953125,-223.74766540527344,-1176.7335205078125
2398839,406.3475036621094,-223.74766540527344,-1176.7320556640625
2398855,406.45574951171875,-223.74766540527344,-1176.730712890625
2398871,406.56793212890625,-223.74766540527344,-1176.7291259765625
2398887,406.6795654296875,-223.74766540527344,-1176.7275390625
2398903,406.7865295410156,-223.74766540527344,-1176.7259521484375
2398919,406.8897705078125,-223.74766540527344,-1176.7247314453125
2398935,406.9871520996094,-223.74766540527344,-1176.7232666015625
2398951,407.0806579589844,-223.74766540527344,-1176.7218017578125
2398967,407.1673889160156,-223.74766540527344,-1176.7203369140625
2398983,407.25048828125,-223.74766540527344,-1176.71923828125
2398999,407.32916259765625,-223.74766540527344,-1176.718017578125
2399015,407.40472412109375,-223.74766540527344,-1176.7169189453125
2399031,407.4776916503906,-223.74766540527344,-1176.716064453125
2399047,407.54833984375,-223.74766540527344,-1176.715087890625
2399063,407.6175231933594,-223.74766540527344,-1176.714111328125
2399079,407.6852722167969,-223.74766540527344,-1176.7130126953125
2399095,407.7518615722656,-223.74766540527344,-1176.7119140625
2399111,407.8173828125,-223.74765014648438,-1176.7109375
2399127,407.8829345703125,-223.74765014648438,-1176.7099609375
2399143,407.948486328125,-223.74765014648438,-1176.708984375
2399159,408.0140075683594,-223.74765014648438,-1176.7078857421875
2399175,408.07952880859375,-223.74765014648438,-1176.7069091796875
2399191,408.14508056640625,-223.74765014648438,-1176.705810546875
2399207,408.2106018066406,-223.74765014648438,-1176.7047119140625
2399223,408.276123046875,-223.74765014648438,-1176.7037353515625
2399239,408.3416748046875,-223.74765014648438,-1176.7027587890625
2399255,408.4071960449219,-223.74765014648438,-1176.7017822265625
2399271,408.4727478027344,-223.74765014648438,-1176.70068359375
2399287,408.53826904296875,-223.74765014648438,-1176.69970703125
2399303,408.6037902832031,-223.74765014648438,-1176.6986083984375
2399319,408.66937255859375,-223.74765014648438,-1176.69775390625
2399335,408.7348937988281,-223.74765014648438,-1176.69677734375
2399351,408.8004150390625,-223.74765014648438,-1176.69580078125
2399367,408.86590576171875,-223.74765014648438,-1176.69482421875
2399383,408.9314880371094,-223.74765014648438,-1176.6937255859375
2399399,408.9970703125,-223.74765014648438,-1176.6927490234375
2399415,409.06256103515625,-223.74765014648438,-1176.691650390625
2399431,409.1280822753906,-223.74765014648438,-1176.6905517578125
2399447,409.1936340332031,-223.74765014648438,-1176.6895751953125
2399463,409.2591247558594,-223.74765014648438,-1176.688720703125
2399479,409.32464599609375,-223.74765014648438,-1176.6878662109375
2399495,409.39013671875,-223.74765014648438,-1176.686767578125
2399511,409.4556884765625,-223.74765014648438,-1176.6859130859375
2399527,409.52117919921875,-223.74765014648438,-1176.684814453125
2399543,409.586669921875,-223.74765014648438,-1176.683837890625
2399559,409.6521911621094,-223.74765014648438,-1176.682861328125
2399575,409.7176818847656,-223.74765014648438,-1176.681884765625
2399591,409.783203125,-223.74765014648438,-1176.6807861328125
2399607,409.84869384765625,-223.74765014648438,-1176.679931640625
2399623,409.9141845703125,-223.74765014648438,-1176.678955078125
2399639,409.979736328125,-223.74765014648438,-1176.677978515625
2399655,410.04522705078125,-223.74765014648438,-1176.6768798828125
2399671,410.1107482910156,-223.74765014648438,-1176.6759033203125
2399687,410.17626953125,-223.74765014648438,-1176.6749267578125
2399703,410.2417907714844,-223.74765014648438,-1176.6739501953125
2399719,410.3072814941406,-223.74765014648438,-1176.6729736328125
2399735,410.3728332519531,-223.74765014648438,-1176.6719970703125
2399751,410.3728332519531,-223.74765014648438,-1176.6719970703125
2399767,410.3728332519531,-223.74765014648438,-1176.6719970703125
2399783,410.3728332519531,-223.74765014648438,-1176.6719970703125
2399799,410.3728332519531,-223.74765014648438,-1176.6719970703125
2399815,410.3728332519531,-223.74765014648438,-1176.6719970703125
2399831,410.3728332519531,-223.74765014648438,-1176.6719970703125
2399847,410.3728332519531,-223.74765014648438,-1176.6719970703125
2399863,410.3728332519531,-223.74765014648438,-1176.6719970703125
2399879,410.3728332519531,-223.74765014648438,-1176.6719970703125
2399895,410.3728332519531,-223.74765014648438,-1176.6719970703125
2399911,410.3728332519531,-223.74765014648438,-1176.6719970703125
2399927,410.3728332519531,-223.74765014648438,-1176.6719970703125
2399943,410.3728332519531,-223.74765014648438,-1176.6719970703125
2399959,410.3728332519531,-223.74765014648438,-1176.6719970703125
2399975,410.3728332519531,-223.74765014648438,-1176.6719970703125
2399991,410.3728332519531,-223.74765014648438,-1176.6719970703125
2400007,410.3728332519531,-223.74765014648438,-1176.6719970703125
2400023,410.3728332519531,-223.74765014648438,-1176.6719970703125
2400039,410.3728332519531,-223.74765014648438,-1176.6719970703125
2400055,410.3728332519531,-223.74765014648438,-1176.6719970703125
2400071,410.3728332519531,-223.74765014648438,-1176.6719970703125
2400087,410.3728332519531,-223.74765014648438,-1176.6719970703125
2400103,410.3728332519531,-223.74765014648438,-1176.6719970703125
2400119,410.3728332519531,-223.74765014648438,-1176.6719970703125
2400135,410.3728332519531,-223.74765014648438,-1176.6719970703125
2400151,410.3728332519531,-223.74765014648438,-1176.6719970703125
2400167,410.3728332519531,-223.74765014648438,-1176.6719970703125
2400183,410.3728332519531,-223.74765014648438,-1176.6719970703125
2400199,410.3728332519531,-223.74765014648438,-1176.6719970703125
2400215,410.3728332519531,-223.74765014648438,-1176.6719970703125
2400231,410.3728332519531,-223.74765014648438,-1176.6719970703125
2400247,410.3728332519531,-223.74765014648438,-1176.6719970703125
2400263,410.3728332519531,-223.74765014648438,-1176.6719970703125
2400279,410.3728332519531,-223.74765014648438,-1176.6719970703125
2400295,410.3728332519531,-223.74765014648438,-1176.6719970703125
2400311,410.3728332519531,-223.74765014648438,-1176.6719970703125
2400327,410.3728332519531,-223.74765014648438,-1176.6719970703125
2400343,410.3728332519531,-223.74765014648438,-1176.6719970703125
2400359,410.3728332519531,-223.74765014648438,-1176.6719970703125
2400375,410.3728332519531,-223.74765014648438,-1176.6719970703125
2400391,410.3728332519531,-223.74765014648438,-1176.6719970703125
2400407,410.3728332519531,-223.74765014648438,-1176.6719970703125
2400423,410.3728332519531,-223.74765014648438,-1176.6719970703125
2400439,410.3728332519531,-223.74765014648438,-1176.6719970703125
2400455,410.3728332519531,-223.74765014648438,-1176.6719970703125
2400471,410.3728332519531,-223.74765014648438,-1176.6719970703125
2400487,410.3728332519531,-223.74765014648438,-1176.6719970703125
2400503,410.3728332519531,-223.74765014648438,-1176.6719970703125
2400519,410.3728332519531,-223.74765014648438,-1176.6719970703125
2400535,410.3728332519531,-223.74765014648438,-1176.6719970703125
2400551,410.3728332519531,-223.74765014648438,-1176.6719970703125
2400567,410.3728332519531,-223.74765014648438,-1176.6719970703125
2400583,410.3728332519531,-223.74765014648438,-1176.6719970703125
2400599,410.3728332519531,-223.74765014648438,-1176.6719970703125
2400615,410.3728332519531,-223.74765014648438,-1176.6719970703125
2400631,410.3728332519531,-223.74765014648438,-1176.6719970703125
2400647,410.3728332519531,-223.74765014648438,-1176.6719970703125
2400663,410.3728332519531,-223.74765014648438,-1176.6719970703125
2400679,410.3728332519531,-223.74765014648438,-1176.6719970703125
2400695,410.3728332519531,-223.74765014648438,-1176.6719970703125
2400711,410.3728332519531,-223.74765014648438,-1176.6719970703125
2400727,410.3728332519531,-223.74765014648438,-1176.6719970703125
2400743,410.3728332519531,-223.74765014648438,-1176.6719970703125
2400759,410.3728332519531,-223.74765014648438,-1176.6719970703125
2400775,410.3728332519531,-223.74765014648438,-1176.6719970703125
2400791,410.3728332519531,-223.74765014648438,-1176.6719970703125
2400807,410.3728332519531,-223.74765014648438,-1176.6719970703125
2400823,410.3728332519531,-223.74765014648438,-1176.6719970703125
2400839,410.3728332519531,-223.74765014648438,-1176.6719970703125
2400855,410.3728332519531,-223.74765014648438,-1176.6719970703125
2400871,410.3728332519531,-223.74765014648438,-1176.6719970703125
2400887,410.3728332519531,-223.74765014648438,-1176.6719970703125
2400903,410.3728332519531,-223.74765014648438,-1176.6719970703125
2400919,410.3728332519531,-223.74765014648438,-1176.6719970703125
2400935,410.3728332519531,-223.74765014648438,-1176.6719970703125
2400951,410.3728332519531,-223.74765014648438,-1176.6719970703125
2400967,410.3728332519531,-223.74765014648438,-1176.6719970703125
2400983,410.3728332519531,-223.74765014648438,-1176.6719970703125
2400999,410.3728332519531,-223.74765014648438,-1176.6719970703125
2401015,410.3728332519531,-223.74765014648438,-1176.6719970703125
2401031,410.3728332519531,-223.74765014648438,-1176.6719970703125
2401047,410.3728332519531,-223.74765014648438,-1176.6719970703125
2401063,410.3728332519531,-223.74765014648438,-1176.6719970703125
2401079,410.3728332519531,-223.74765014648438,-1176.6719970703125
2401095,410.3728332519531,-223.74765014648438,-1176.6719970703125
2401111,410.3728332519531,-223.74765014648438,-1176.6719970703125
2401127,410.3728332519531,-223.74765014648438,-1176.6719970703125
2401143,410.3728332519531,-223.74765014648438,-1176.6719970703125
2401159,410.3728332519531,-223.74765014648438,-1176.6719970703125
2401175,410.3728332519531,-223.74765014648438,-1176.6719970703125
2401191,410.3728332519531,-223.74765014648438,-1176.6719970703125
2401207,410.3728332519531,-223.74765014648438,-1176.6719970703125
2401223,410.3728332519531,-223.74765014648438,-1176.6719970703125
2401239,410.3728332519531,-223.74765014648438,-1176.6719970703125
2401255,410.3728332519531,-223.74765014648438,-1176.6719970703125
2401271,410.3728332519531,-223.74765014648438,-1176.6719970703125
2401287,410.3728332519531,-223.74765014648438,-1176.6719970703125
2401303,410.3728332519531,-223.74765014648438,-1176.6719970703125
2401319,410.3728332519531,-223.74765014648438,-1176.6719970703125
2401335,410.3728332519531,-223.74765014648438,-1176.6719970703125
2401351,410.3728332519531,-223.74765014648438,-1176.6719970703125
2401367,410.3728332519531,-223.74765014648438,-1176.6719970703125
2401383,410.3728332519531,-223.74765014648438,-1176.6719970703125
2401399,410.3728332519531,-223.74765014648438,-1176.6719970703125
2401415,410.3728332519531,-223.74765014648438,-1176.6719970703125
2401431,410.3728332519531,-223.74765014648438,-1176.6719970703125
2401447,410.3728332519531,-223.74765014648438,-1176.6719970703125
2401463,410.3728332519531,-223.74765014648438,-1176.6719970703125
2401479,410.3728332519531,-223.74765014648438,-1176.6719970703125
2401495,410.3728332519531,-223.74765014648438,-1176.6719970703125
2401511,410.3728332519531,-223.74765014648438,-1176.6719970703125
2401527,410.3728332519531,-223.74765014648438,-1176.6719970703125
2401543,410.3728332519531,-223.74765014648438,-1176.6719970703125
2401559,410.3728332519531,-223.74765014648438,-1176.6719970703125
2401575,410.3728332519531,-223.74765014648438,-1176.6719970703125
2401591,410.3728332519531,-223.74765014648438,-1176.6719970703125
2401607,410.3728332519531,-223.74765014648438,-1176.6719970703125
2401623,410.3728332519531,-223.74765014648438,-1176.6719970703125
2401639,410.3728332519531,-223.74765014648438,-1176.6719970703125
2401655,410.3728332519531,-223.74765014648438,-1176.6719970703125
2401671,410.3728332519531,-223.74765014648438,-1176.6719970703125
2401687,410.3728332519531,-223.74765014648438,-1176.6719970703125
2401703,410.3728332519531,-223.74765014648438,-1176.6719970703125
2401719,410.3728332519531,-223.74765014648438,-1176.6719970703125
2401735,410.3728332519531,-223.74765014648438,-1176.6719970703125
2401751,410.3728332519531,-223.74765014648438,-1176.6719970703125
2401767,410.3728332519531,-223.74765014648438,-1176.6719970703125
2401783,410.3728332519531,-223.74765014648438,-1176.6719970703125
2401799,410.3728332519531,-223.74765014648438,-1176.6719970703125
2401815,410.3728332519531,-223.74765014648438,-1176.6719970703125
2401831,410.3728332519531,-223.74765014648438,-1176.6719970703125
2401847,410.3728332519531,-223.74765014648438,-1176.6719970703125
2401863,410.3728332519531,-223.74765014648438,-1176.6719970703125
2401879,410.3728332519531,-223.74765014648438,-1176.6719970703125
2401895,410.3728332519531,-223.74765014648438,-1176.6719970703125
2401911,410.3728332519531,-223.74765014648438,-1176.6719970703125
2401927,410.3728332519531,-223.74765014648438,-1176.6719970703125
2401943,410.3728332519531,-223.74765014648438,-1176.6719970703125
2401959,410.3728332519531,-223.74765014648438,-1176.6719970703125
2401975,410.3728332519531,-223.74765014648438,-1176.6719970703125
2401991,410.3728332519531,-223.74765014648438,-1176.6719970703125
2402007,410.30731201171875,-223.7476348876953,-1176.6707763671875
2402023,410.3714904785156,-223.7476348876953,-1176.6697998046875
2402039,410.3130798339844,-223.7476348876953,-1176.668701171875
2402055,410.2475280761719,-223.7476348876953,-1176.6673583984375
2402071,410.18194580078125,-223.74761962890625,-1176.6661376953125
2402087,410.1164245605469,-223.74761962890625,-1176.6649169921875
2402103,410.0508728027344,-223.74761962890625,-1176.663818359375
2402119,409.9853820800781,-223.7476043701172,-1176.6624755859375
2402135,409.9198303222656,-223.7476043701172,-1176.6612548828125
2402151,409.8543395996094,-223.74758911132812,-1176.66015625
2402167,409.7887878417969,-223.74758911132812,-1176.6590576171875
2402183,409.7232666015625,-223.74758911132812,-1176.6578369140625
2402199,409.6577453613281,-223.74757385253906,-1176.65673828125
2402215,409.59222412109375,-223.74757385253906,-1176.655517578125
2402231,409.5267028808594,-223.74755859375,-1176.654296875
2402247,409.4611511230469,-223.74755859375,-1176.653076171875
2402263,409.3956298828125,-223.74755859375,-1176.65185546875
2402279,409.3301086425781,-223.74754333496094,-1176.6505126953125
2402295,409.2646179199219,-223.74754333496094,-1176.649169921875
2402311,409.1990966796875,-223.74752807617188,-1176.6480712890625
2402327,409.1335754394531,-223.74752807617188,-1176.64697265625
2402343,409.0679931640625,-223.74752807617188,-1176.645751953125
2402359,409.0024719238281,-223.7475128173828,-1176.6446533203125
2402375,408.93701171875,-223.7475128173828,-1176.6434326171875
2402391,408.8714294433594,-223.74749755859375,-1176.6422119140625
2402407,408.8059387207031,-223.74749755859375,-1176.64111328125
2402423,408.74041748046875,-223.74749755859375,-1176.639892578125
2402439,408.6748352050781,-223.7474822998047,-1176.6387939453125
2402455,408.6093444824219,-223.7474822998047,-1176.6376953125
2402471,408.54376220703125,-223.7474822998047,-1176.636474609375
2402487,408.4782409667969,-223.74746704101562,-1176.635498046875
2402503,408.4127502441406,-223.74746704101562,-1176.63427734375
2402519,408.34722900390625,-223.74745178222656,-1176.6329345703125
2402535,408.28167724609375,-223.74745178222656,-1176.6317138671875
2402551,408.21612548828125,-223.74745178222656,-1176.6304931640625
2402567,408.150634765625,-223.7474365234375,-1176.6292724609375
2402583,408.0851745605469,-223.7474365234375,-1176.6280517578125
2402599,408.0196228027344,-223.74742126464844,-1176.626953125
2402615,407.9540710449219,-223.74742126464844,-1176.6258544921875
2402631,407.8885498046875,-223.74742126464844,-1176.62451171875
2402647,407.8229675292969,-223.74740600585938,-1176.623291015625
2402663,407.7574157714844,-223.74740600585938,-1176.6220703125
2402679,407.6919250488281,-223.7473907470703,-1176.6207275390625
2402695,407.6263427734375,-223.7473907470703,-1176.6195068359375
2402711,407.5608215332031,-223.7473907470703,-1176.6182861328125
2402727,407.49530029296875,-223.74737548828125,-1176.6170654296875
2402743,407.4298095703125,-223.74737548828125,-1176.6158447265625
2402759,407.3642578125,-223.7473602294922,-1176.614501953125
2402775,407.2987365722656,-223.7473602294922,-1176.61328125
2402791,407.23321533203125,-223.7473602294922,-1176.612060546875
2402807,407.1676940917969,-223.74734497070312,-1176.61083984375
2402823,407.1022033691406,-223.74734497070312,-1176.6097412109375
2402839,407.0366516113281,-223.74732971191406,-1176.6085205078125
2402855,406.97113037109375,-223.74732971191406,-1176.6072998046875
2402871,406.9055480957031,-223.74732971191406,-1176.6060791015625
2402887,406.84002685546875,-223.747314453125,-1176.6048583984375
2402903,406.7745056152344,-223.747314453125,-1176.6036376953125
2402919,406.7090148925781,-223.74729919433594,-1176.6024169921875
2402935,406.64349365234375,-223.74729919433594,-1176.6011962890625
2402951,406.5779724121094,-223.74729919433594,-1176.599853515625
2402967,406.5124816894531,-223.74728393554688,-1176.5985107421875
2402983,406.4469299316406,-223.74728393554688,-1176.5972900390625
2402999,406.3813781738281,-223.7472686767578,-1176.59619140625
2403015,406.31585693359375,-223.747314453125,-1176.5948486328125
2403031,406.2503662109375,-223.74745178222656,-1176.59375
2403047,406.184814453125,-223.7476043701172,-1176.592529296875
2403063,406.1192626953125,-223.74774169921875,-1176.5911865234375
2403079,406.0537109375,-223.7478790283203,-1176.5899658203125
2403095,405.9881591796875,-223.74801635742188,-1176.5887451171875
2403111,405.92266845703125,-223.7481689453125,-1176.5875244140625
2403127,405.8571472167969,-223.74830627441406,-1176.5863037109375
2403143,405.7915954589844,-223.74844360351562,-1176.5850830078125
2403159,405.7260437011719,-223.7485809326172,-1176.583984375
2403175,405.6601867675781,-223.74871826171875,-1176.582763671875
2403191,405.5924377441406,-223.74887084960938,-1176.5814208984375
2403207,405.52252197265625,-223.7490234375,-1176.5802001953125
2403223,405.44989013671875,-223.74917602539062,-1176.5791015625
2403239,405.37493896484375,-223.7493438720703,-1176.5777587890625
2403255,405.2978820800781,-223.74949645996094,-1176.5762939453125
2403271,405.2181396484375,-223.7496795654297,-1176.5748291015625
2403287,405.1379699707031,-223.74984741210938,-1176.5731201171875
2403303,405.0552062988281,-223.75001525878906,-1176.571533203125
2403319,404.97357177734375,-223.7501983642578,-1176.5699462890625
2403335,404.8906555175781,-223.75038146972656,-1176.5682373046875
2403351,404.8093566894531,-223.75054931640625,-1176.566650390625
2403367,404.7282409667969,-223.75071716308594,-1176.5650634765625
2403383,404.6390686035156,-223.75091552734375,-1176.5633544921875
2403399,404.5433654785156,-223.75111389160156,-1176.5614013671875
2403415,404.4476623535156,-223.75132751464844,-1176.5595703125
2403431,404.3520202636719,-223.75152587890625,-1176.5577392578125
2403447,404.2561950683594,-223.75173950195312,-1176.5560302734375
2403463,404.1602783203125,-223.75193786621094,-1176.55419921875
2403479,404.06378173828125,-223.7521514892578,-1176.55224609375
2403495,403.9668273925781,-223.75234985351562,-1176.5504150390625
2403511,403.87091064453125,-223.7525634765625,-1176.5487060546875
2403527,403.7757873535156,-223.7527618408203,-1176.546875
2403543,403.6800842285156,-223.7529754638672,-1176.544921875
2403559,403.5838928222656,-223.753173828125,-1176.543212890625
2403575,403.4885559082031,-223.75338745117188,-1176.5413818359375
2403591,403.3938903808594,-223.7535858154297,-1176.53955078125
2403607,403.3001403808594,-223.7537841796875,-1176.537841796875
2403623,403.2071228027344,-223.7539825439453,-1176.5360107421875
2403639,403.1104431152344,-223.7541961669922,-1176.5340576171875
2403655,403.01104736328125,-223.75440979003906,-1176.5321044921875
2403671,402.90679931640625,-223.75462341308594,-1176.5301513671875
2403687,402.7987976074219,-223.75486755371094,-1176.5279541015625
2403703,402.6884460449219,-223.75509643554688,-1176.52587890625
2403719,402.5763244628906,-223.75534057617188,-1176.5238037109375
2403735,402.4649963378906,-223.75558471679688,-1176.5218505859375
2403751,402.3543701171875,-223.7558135986328,-1176.519775390625
2403767,402.2451477050781,-223.75604248046875,-1176.517822265625
2403783,402.1370849609375,-223.75608825683594,-1176.5157470703125
2403799,402.0323791503906,-223.75608825683594,-1176.513916015625
2403815,401.93017578125,-223.75608825683594,-1176.5120849609375
2403831,401.83111572265625,-223.75608825683594,-1176.5101318359375
2403847,401.73443603515625,-223.75608825683594,-1176.5084228515625
2403863,401.6412353515625,-223.75608825683594,-1176.5067138671875
2403879,401.5506896972656,-223.75608825683594,-1176.505126953125
2403895,401.4635314941406,-223.75608825683594,-1176.5035400390625
2403911,401.3790283203125,-223.75608825683594,-1176.5020751953125
2403927,401.2881164550781,-223.75608825683594,-1176.5003662109375
2403943,401.19244384765625,-223.75608825683594,-1176.49853515625
2403959,401.0967712402344,-223.75608825683594,-1176.49658203125
2403975,401.0010986328125,-223.75608825683594,-1176.4947509765625
2403991,400.9052734375,-223.75608825683594,-1176.4927978515625
2404007,400.80938720703125,-223.75608825683594,-1176.490966796875
2404023,400.712890625,-223.75608825683594,-1176.4892578125
2404039,400.615966796875,-223.75608825683594,-1176.4873046875
2404055,400.52001953125,-223.75608825683594,-1176.4854736328125
2404071,400.4248962402344,-223.75608825683594,-1176.483642578125
2404087,400.3292236328125,-223.75608825683594,-1176.481689453125
2404103,400.23309326171875,-223.75608825683594,-1176.47998046875
2404119,400.13775634765625,-223.75608825683594,-1176.4781494140625
2404135,400.04302978515625,-223.75608825683594,-1176.4764404296875
2404151,399.9492492675781,-223.75608825683594,-1176.474609375
2404167,399.856201171875,-223.75608825683594,-1176.47265625
2404183,399.7594909667969,-223.75608825683594,-1176.470947265625
2404199,399.6600646972656,-223.75608825683594,-1176.468994140625
2404215,399.5557861328125,-223.75608825683594,-1176.467041015625
2404231,399.44781494140625,-223.75608825683594,-1176.4649658203125
2404247,399.3374328613281,-223.75608825683594,-1176.462890625
2404263,399.2253112792969,-223.75608825683594,-1176.460693359375
2404279,399.1139831542969,-223.75608825683594,-1176.45849609375
2404295,399.0033264160156,-223.75608825683594,-1176.4561767578125
2404311,398.8941345214844,-223.75608825683594,-1176.4539794921875
2404327,398.78607177734375,-223.75608825683594,-1176.451904296875
2404343,398.68133544921875,-223.75608825683594,-1176.449951171875
2404359,398.5791931152344,-223.75608825683594,-1176.4478759765625
2404375,398.4801940917969,-223.75608825683594,-1176.4459228515625
2404391,398.383544921875,-223.75608825683594,-1176.4439697265625
2404407,398.2903137207031,-223.75608825683594,-1176.442138671875
2404423,398.1997375488281,-223.75608825683594,-1176.4404296875
2404439,398.11260986328125,-223.75608825683594,-1176.438720703125
2404455,398.0281066894531,-223.75608825683594,-1176.4371337890625
2404471,397.93719482421875,-223.75608825683594,-1176.4354248046875
2404487,397.8415222167969,-223.75608825683594,-1176.4337158203125
2404503,397.7458801269531,-223.75608825683594,-1176.431884765625
2404519,397.65020751953125,-223.75608825683594,-1176.43017578125
2404535,397.55438232421875,-223.75608825683594,-1176.4283447265625
2404551,397.45849609375,-223.75608825683594,-1176.4266357421875
2404567,397.3619689941406,-223.75608825683594,-1176.4249267578125
2404583,397.2650451660156,-223.75608825683594,-1176.423095703125
2404599,397.16912841796875,-223.75608825683594,-1176.4212646484375
2404615,397.0740051269531,-223.75608825683594,-1176.41943359375
2404631,396.978271484375,-223.75608825683594,-1176.4176025390625
2404647,396.88214111328125,-223.75608825683594,-1176.4156494140625
2404663,396.7868347167969,-223.75608825683594,-1176.4140625
2404679,396.69219970703125,-223.75608825683594,-1176.4122314453125
2404695,396.5984802246094,-223.75608825683594,-1176.410400390625
2404711,396.50543212890625,-223.75608825683594,-1176.40869140625
2404727,396.40875244140625,-223.75608825683594,-1176.4072265625
2404743,396.30938720703125,-223.7560272216797,-1176.40576171875
2404759,396.20513916015625,-223.7558135986328,-1176.4044189453125
2404775,396.0971374511719,-223.75558471679688,-1176.4031982421875
2404791,395.98675537109375,-223.75535583496094,-1176.402099609375
2404807,395.8746032714844,-223.75511169433594,-1176.4012451171875
2404823,395.7633361816406,-223.7548828125,-1176.400146484375
2404839,395.6527099609375,-223.75465393066406,-1176.399169921875
2404855,395.5434875488281,-223.75442504882812,-1176.3983154296875
2404871,395.43536376953125,-223.7541961669922,-1176.3974609375
2404887,395.3305969238281,-223.75396728515625,-1176.396728515625
2404903,395.2283630371094,-223.75375366210938,-1176.3961181640625
2404919,395.1292419433594,-223.7535400390625,-1176.3953857421875
2404935,395.03253173828125,-223.7533416748047,-1176.39453125
2404951,394.93927001953125,-223.75314331054688,-1176.393798828125
2404967,394.8486633300781,-223.75296020507812,-1176.39306640625
2404983,394.7615051269531,-223.75277709960938,-1176.3924560546875
2404999,394.677001953125,-223.75259399414062,-1176.3919677734375
2405015,394.58612060546875,-223.75241088867188,-1176.3912353515625
2405031,394.4903259277344,-223.752197265625,-1176.3905029296875
2405047,394.39459228515625,-223.7519989013672,-1176.3896484375
2405063,394.298828125,-223.75180053710938,-1176.388916015625
2405079,394.2030334472656,-223.75160217285156,-1176.38818359375
2405095,394.1071472167969,-223.7513885498047,-1176.3875732421875
2405111,394.0107116699219,-223.75119018554688,-1176.3868408203125
2405127,393.9137878417969,-223.75099182128906,-1176.3861083984375
2405143,393.8179016113281,-223.75079345703125,-1176.3856201171875
2405159,393.72271728515625,-223.75057983398438,-1176.3848876953125
2405175,393.6269836425781,-223.75038146972656,-1176.3841552734375
2405191,393.5307922363281,-223.75018310546875,-1176.3834228515625
2405207,393.4355163574219,-223.74998474121094,-1176.3828125
2405223,393.3408203125,-223.74978637695312,-1176.382080078125
2405239,393.2470397949219,-223.7495880126953,-1176.38134765625
2405255,393.1539001464844,-223.7493896484375,-1176.380615234375
2405271,393.0572204589844,-223.7491912841797,-1176.3800048828125
2405287,392.9578552246094,-223.7489776611328,-1176.379150390625
2405303,392.8535461425781,-223.74876403808594,-1176.3782958984375
2405319,392.7455749511719,-223.74853515625,-1176.37744140625
2405335,392.6352233886719,-223.748291015625,-1176.376708984375
2405351,392.5230407714844,-223.74806213378906,-1176.375732421875
2405367,392.4117431640625,-223.74783325195312,-1176.3748779296875
2405383,392.30108642578125,-223.74758911132812,-1176.3741455078125
2405399,392.1918640136719,-223.7473602294922,-1176.3734130859375
2405415,392.083740234375,-223.74713134765625,-1176.37255859375
2405431,391.9789733886719,-223.74691772460938,-1176.3717041015625
2405447,391.9789733886719,-223.74691772460938,-1176.3717041015625
2405463,391.97381591796875,-223.7469024658203,-1176.371826171875
2405479,391.9686279296875,-223.7469024658203,-1176.371826171875
2405495,391.96356201171875,-223.74688720703125,-1176.371826171875
2405511,391.95849609375,-223.7468719482422,-1176.3719482421875
2405527,391.9462585449219,-223.74684143066406,-1176.371826171875
2405543,391.9339599609375,-223.746826171875,-1176.37158203125
2405559,391.8837585449219,-223.74671936035156,-1176.371337890625
2405575,391.83349609375,-223.74661254882812,-1176.3709716796875
2405591,391.7571716308594,-223.74644470214844,-1176.370361328125
2405607,391.68084716796875,-223.7462921142578,-1176.3697509765625
2405623,391.6202392578125,-223.7462615966797,-1176.3692626953125
2405639,391.55963134765625,-223.7462615966797,-1176.3687744140625
2405655,391.5025939941406,-223.74624633789062,-1176.3682861328125
2405671,391.4455261230469,-223.74624633789062,-1176.3677978515625
2405687,391.3988342285156,-223.74624633789062,-1176.367431640625
2405703,391.3521728515625,-223.74624633789062,-1176.3670654296875
2405719,391.32879638671875,-223.74624633789062,-1176.3668212890625
2405735,391.3053894042969,-223.74624633789062,-1176.366455078125
2405751,391.296630859375,-223.74624633789062,-1176.3663330078125
2405767,391.2878723144531,-223.74624633789062,-1176.3662109375
2405783,391.28192138671875,-223.74624633789062,-1176.3662109375
2405799,391.2759704589844,-223.74624633789062,-1176.3662109375
2405815,391.2738952636719,-223.74624633789062,-1176.3662109375
2405831,391.2718200683594,-223.74624633789062,-1176.3663330078125
2405847,391.26947021484375,-223.74624633789062,-1176.3663330078125
2405863,391.26708984375,-223.74624633789062,-1176.3663330078125
2405879,391.2647399902344,-223.74624633789062,-1176.3663330078125
2405895,391.2623596191406,-223.74624633789062,-1176.3663330078125
2405911,391.26019287109375,-223.74624633789062,-1176.3663330078125
2405927,391.2580261230469,-223.74624633789062,-1176.366455078125
2405943,391.2562561035156,-223.74624633789062,-1176.366455078125
2405959,391.2545166015625,-223.74624633789062,-1176.366455078125
2405975,391.25335693359375,-223.74624633789062,-1176.366455078125
2405991,391.252197265625,-223.74624633789062,-1176.366455078125
2406007,391.2518310546875,-223.74624633789062,-1176.366455078125
2406023,391.2514953613281,-223.74624633789062,-1176.366455078125
2406039,391.2520446777344,-223.74624633789062,-1176.366455078125
2406055,391.25262451171875,-223.74624633789062,-1176.366455078125
2406071,391.2539367675781,-223.74624633789062,-1176.366455078125
2406087,391.2552795410156,-223.74624633789062,-1176.366455078125
2406103,391.2572021484375,-223.74624633789062,-1176.366455078125
2406119,391.2591552734375,-223.74624633789062,-1176.3663330078125
2406135,391.2615661621094,-223.74624633789062,-1176.3663330078125
2406151,391.26397705078125,-223.74624633789062,-1176.3663330078125
2406167,391.26666259765625,-223.74624633789062,-1176.3663330078125
2406183,391.26934814453125,-223.74624633789062,-1176.3663330078125
2406199,391.2721252441406,-223.74624633789062,-1176.3663330078125
2406215,391.2749328613281,-223.74624633789062,-1176.3662109375
2406231,391.2779846191406,-223.74624633789062,-1176.3662109375
2406247,391.2810363769531,-223.74624633789062,-1176.3662109375
2406263,391.2845153808594,-223.74624633789062,-1176.3662109375
2406279,391.2879943847656,-223.74624633789062,-1176.3662109375
2406295,391.2917175292969,-223.74624633789062,-1176.3660888671875
2406311,391.2954406738281,-223.74624633789062,-1176.3660888671875
2406327,391.29925537109375,-223.74624633789062,-1176.3660888671875
2406343,391.3030700683594,-223.74624633789062,-1176.3660888671875
2406359,391.3068542480469,-223.74624633789062,-1176.365966796875
2406375,391.3106384277344,-223.74624633789062,-1176.365966796875
2406391,391.3106384277344,-223.74624633789062,-1176.365966796875
2406407,391.21490478515625,-223.74624633789062,-1176.3651123046875
2406423,391.1383361816406,-223.74624633789062,-1176.364501953125
2406439,391.0464782714844,-223.74624633789062,-1176.36376953125
2406455,390.95074462890625,-223.74624633789062,-1176.3629150390625
2406471,390.8548583984375,-223.74623107910156,-1176.362060546875
2406487,390.75897216796875,-223.74623107910156,-1176.3612060546875
2406503,390.6620788574219,-223.74623107910156,-1176.3603515625
2406519,390.565185546875,-223.74623107910156,-1176.3594970703125
2406535,390.469970703125,-223.74623107910156,-1176.3585205078125
2406551,390.3747863769531,-223.74623107910156,-1176.357666015625
2406567,390.27862548828125,-223.7462158203125,-1176.356689453125
2406583,390.18243408203125,-223.7462158203125,-1176.3558349609375
2406599,390.08770751953125,-223.7462158203125,-1176.3548583984375
2406615,389.99298095703125,-223.7462158203125,-1176.35400390625
2406631,389.8999328613281,-223.7462158203125,-1176.3531494140625
2406647,389.8068542480469,-223.7462158203125,-1176.352294921875
2406663,389.70745849609375,-223.74620056152344,-1176.3514404296875
2406679,389.6080322265625,-223.74620056152344,-1176.3505859375
2406695,389.5,-223.74620056152344,-1176.3497314453125
2406711,389.39202880859375,-223.74620056152344,-1176.3487548828125
2406727,389.27984619140625,-223.74620056152344,-1176.3477783203125
2406743,389.167724609375,-223.74620056152344,-1176.3468017578125
2406759,389.0570373535156,-223.74618530273438,-1176.3458251953125
2406775,388.94635009765625,-223.74618530273438,-1176.3448486328125
2406791,388.8382568359375,-223.74618530273438,-1176.3438720703125
2406807,388.7301330566406,-223.74618530273438,-1176.343017578125
2406823,388.6278381347656,-223.74618530273438,-1176.34228515625
2406839,388.5256042480469,-223.74618530273438,-1176.3414306640625
2406855,388.4289245605469,-223.7461700439453,-1176.340576171875
2406871,388.33221435546875,-223.7461700439453,-1176.33984375
2406887,388.2416076660156,-223.7461700439453,-1176.3389892578125
2406903,388.1510009765625,-223.7461700439453,-1176.338134765625
2406919,388.0664978027344,-223.7461700439453,-1176.33740234375
2406935,387.9819641113281,-223.7461700439453,-1176.3367919921875
2406951,387.88623046875,-223.7461700439453,-1176.3359375
2406967,387.7904968261719,-223.74615478515625,-1176.3350830078125
2406983,387.6947937011719,-223.74615478515625,-1176.334228515625
2406999,387.5990905761719,-223.74615478515625,-1176.3333740234375
2407015,387.503173828125,-223.74615478515625,-1176.3326416015625
2407031,387.40728759765625,-223.7461395263672,-1176.331787109375
2407047,387.31036376953125,-223.7461395263672,-1176.3309326171875
2407063,387.21343994140625,-223.74612426757812,-1176.330078125
2407079,387.1182556152344,-223.74612426757812,-1176.3292236328125
2407095,387.0231018066406,-223.74610900878906,-1176.328369140625
2407111,386.9269104003906,-223.74610900878906,-1176.3275146484375
2407127,386.8307189941406,-223.74610900878906,-1176.32666015625
2407143,386.7360534667969,-223.74609375,-1176.3258056640625
2407159,386.641357421875,-223.74618530273438,-1176.324951171875
2407175,386.5483093261719,-223.7469482421875,-1176.3240966796875
2407191,386.4552001953125,-223.74771118164062,-1176.3231201171875
2407207,386.3558044433594,-223.74851989746094,-1176.3223876953125
2407223,386.25640869140625,-223.74932861328125,-1176.321533203125
2407239,386.14837646484375,-223.75021362304688,-1176.3204345703125
2407255,386.0403747558594,-223.75108337402344,-1176.319580078125
2407271,385.9281921386719,-223.7519989013672,-1176.318603515625
2407287,385.8160095214844,-223.75291442871094,-1176.317626953125
2407303,385.7053527832031,-223.75381469726562,-1176.316650390625
2407319,385.59466552734375,-223.75473022460938,-1176.315673828125
2407335,385.4864807128906,-223.75559997558594,-1176.314697265625
2407351,385.3783264160156,-223.75645446777344,-1176.313720703125
2407367,385.2760925292969,-223.75645446777344,-1176.31298828125
2407383,385.1738586425781,-223.75643920898438,-1176.3121337890625
2407399,385.07720947265625,-223.75643920898438,-1176.3114013671875
2407415,384.9804992675781,-223.7564239501953,-1176.310546875
2407431,384.889892578125,-223.7564239501953,-1176.3096923828125
2407447,384.7992858886719,-223.75640869140625,-1176.308837890625
2407463,384.7147521972656,-223.75640869140625,-1176.308349609375
2407479,384.6302490234375,-223.7563934326172,-1176.3077392578125
2407495,384.5345458984375,-223.7563934326172,-1176.306884765625
2407511,384.4388427734375,-223.75637817382812,-1176.3060302734375
2407527,384.34307861328125,-223.75637817382812,-1176.30517578125
2407543,384.24737548828125,-223.75636291503906,-1176.3043212890625
2407559,384.15142822265625,-223.75634765625,-1176.303466796875
2407575,384.0555419921875,-223.75634765625,-1176.302734375
2407591,383.9586181640625,-223.75633239746094,-1176.3018798828125
2407607,383.8617248535156,-223.75633239746094,-1176.301025390625
2407623,383.7665710449219,-223.75631713867188,-1176.3001708984375
2407639,383.6714172363281,-223.75631713867188,-1176.29931640625
2407655,383.5752258300781,-223.7563018798828,-1176.2984619140625
2407671,383.4790344238281,-223.7563018798828,-1176.2977294921875
2407687,383.38433837890625,-223.75628662109375,-1176.296875
2407703,383.28961181640625,-223.75628662109375,-1176.2960205078125
2407719,383.196533203125,-223.7562713623047,-1176.295166015625
2407735,383.10345458984375,-223.75625610351562,-1176.2943115234375
2407751,383.0040588378906,-223.75625610351562,-1176.29345703125
2407767,382.9046325683594,-223.75624084472656,-1176.2926025390625
2407783,382.7966003417969,-223.75624084472656,-1176.2916259765625
2407799,382.6886291503906,-223.7562255859375,-1176.2906494140625
2407815,382.5764465332031,-223.75621032714844,-1176.2896728515625
2407831,382.4642639160156,-223.75621032714844,-1176.2886962890625
2407847,382.3536071777344,-223.75619506835938,-1176.2877197265625
2407863,382.3536071777344,-223.75619506835938,-1176.2877197265625
2407879,382.34844970703125,-223.75619506835938,-1176.2877197265625
2407895,382.3432922363281,-223.75619506835938,-1176.287841796875
2407911,382.338134765625,-223.75619506835938,-1176.287841796875
2407927,382.3329772949219,-223.75619506835938,-1176.287841796875
2407943,382.3206787109375,-223.75619506835938,-1176.2877197265625
2407959,382.3084411621094,-223.75619506835938,-1176.28759765625
2407975,382.2582092285156,-223.75619506835938,-1176.287109375
2407991,382.20794677734375,-223.7561798095703,-1176.28662109375
2408007,382.1315612792969,-223.7561798095703,-1176.2857666015625
2408023,382.05523681640625,-223.7561798095703,-1176.2850341796875
2408039,381.9945983886719,-223.75616455078125,-1176.28466796875
2408055,381.9339904785156,-223.75616455078125,-1176.2841796875
2408071,381.87701416015625,-223.7561492919922,-1176.2838134765625
2408087,381.8200378417969,-223.7561492919922,-1176.283447265625
2408103,381.77337646484375,-223.7561492919922,-1176.2830810546875
2408119,381.7267150878906,-223.7561492919922,-1176.28271484375
2408135,381.70330810546875,-223.75613403320312,-1176.282470703125
2408151,381.67987060546875,-223.75613403320312,-1176.2823486328125
2408167,381.6711120605469,-223.75613403320312,-1176.2822265625
2408183,381.6623840332031,-223.75613403320312,-1176.281982421875
2408199,381.6564636230469,-223.75613403320312,-1176.281982421875
2408215,381.6504821777344,-223.75613403320312,-1176.2821044921875
2408231,381.6484069824219,-223.75613403320312,-1176.2821044921875
2408247,381.6463623046875,-223.75613403320312,-1176.2821044921875
2408263,381.64404296875,-223.75613403320312,-1176.2821044921875
2408279,381.6417236328125,-223.75613403320312,-1176.2821044921875
2408295,381.639404296875,-223.75613403320312,-1176.2822265625
2408311,381.6370849609375,-223.75613403320312,-1176.2822265625
2408327,381.6348876953125,-223.75613403320312,-1176.2822265625
2408343,381.63275146484375,-223.75613403320312,-1176.2822265625
2408359,381.6309509277344,-223.75613403320312,-1176.2822265625
2408375,381.6291809082031,-223.75613403320312,-1176.2822265625
2408391,381.6280212402344,-223.75613403320312,-1176.2822265625
2408407,381.6268615722656,-223.75613403320312,-1176.2822265625
2408423,381.62652587890625,-223.75613403320312,-1176.2823486328125
2408439,381.6261901855469,-223.75613403320312,-1176.2823486328125
2408455,381.6267395019531,-223.75613403320312,-1176.2822265625
2408471,381.6272888183594,-223.75613403320312,-1176.2822265625
2408487,381.6286315917969,-223.75613403320312,-1176.2822265625
2408503,381.62994384765625,-223.75613403320312,-1176.2822265625
2408519,381.6319274902344,-223.75613403320312,-1176.2822265625
2408535,381.6339111328125,-223.75613403320312,-1176.2822265625
2408551,381.6363220214844,-223.75613403320312,-1176.2822265625
2408567,381.63873291015625,-223.75613403320312,-1176.2822265625
2408583,381.6413879394531,-223.75613403320312,-1176.2821044921875
2408599,381.64404296875,-223.75613403320312,-1176.2821044921875
2408615,381.6468200683594,-223.75613403320312,-1176.2821044921875
2408631,381.6496276855469,-223.75613403320312,-1176.2821044921875
2408647,381.6526794433594,-223.75613403320312,-1176.2821044921875
2408663,381.6557312011719,-223.75613403320312,-1176.281982421875
2408679,381.6592102050781,-223.75613403320312,-1176.281982421875
2408695,381.6626892089844,-223.75613403320312,-1176.281982421875
2408711,381.6664123535156,-223.75613403320312,-1176.281982421875
2408727,381.670166015625,-223.75613403320312,-1176.2818603515625
2408743,381.6739807128906,-223.75613403320312,-1176.2818603515625
2408759,381.67779541015625,-223.75613403320312,-1176.2818603515625
2408775,381.68157958984375,-223.75613403320312,-1176.2818603515625
2408791,381.68536376953125,-223.75613403320312,-1176.28173828125
2408807,381.6889343261719,-223.75613403320312,-1176.28173828125
2408823,381.6925048828125,-223.75613403320312,-1176.28173828125
2408839,381.6956787109375,-223.75613403320312,-1176.28173828125
2408855,381.6988525390625,-223.75613403320312,-1176.2816162109375
2408871,381.7015380859375,-223.75613403320312,-1176.2816162109375
2408887,381.70416259765625,-223.7561492919922,-1176.2816162109375
2408903,381.70556640625,-223.7561492919922,-1176.2816162109375
2408919,381.70703125,-223.7561492919922,-1176.2816162109375
2408935,381.7071533203125,-223.7561492919922,-1176.2816162109375
2408951,381.707275390625,-223.7561492919922,-1176.2816162109375
2408967,381.70684814453125,-223.7561492919922,-1176.2816162109375
2408983,381.7064208984375,-223.7561492919922,-1176.2816162109375
2408999,381.7061767578125,-223.7561492919922,-1176.2816162109375
2409015,381.7059631347656,-223.7561492919922,-1176.2816162109375
2409031,381.7060852050781,-223.7561492919922,-1176.2816162109375
2409047,381.7061767578125,-223.7561492919922,-1176.2816162109375
2409063,381.7062072753906,-223.7561492919922,-1176.2816162109375
2409079,381.7062683105469,-223.7561492919922,-1176.2816162109375
2409095,381.7062683105469,-223.7561492919922,-1176.2816162109375
2409111,381.7062683105469,-223.7561492919922,-1176.2816162109375
2409127,381.7062683105469,-223.7561492919922,-1176.2816162109375
2409143,381.7062683105469,-223.7561492919922,-1176.2816162109375
2409159,381.7062683105469,-223.7561492919922,-1176.2816162109375
2409175,381.7062683105469,-223.7561492919922,-1176.2816162109375
2409191,381.7062683105469,-223.7561492919922,-1176.2816162109375
2409207,381.7062683105469,-223.7561492919922,-1176.2816162109375
2409223,381.7062683105469,-223.7561492919922,-1176.2816162109375
2409239,381.7062683105469,-223.7561492919922,-1176.2816162109375
2409255,381.7062683105469,-223.7561492919922,-1176.2816162109375
2409271,381.7062683105469,-223.7561492919922,-1176.2816162109375
2409287,381.7062683105469,-223.7561492919922,-1176.2816162109375
2409303,381.7062683105469,-223.7561492919922,-1176.2816162109375
2409319,381.7062683105469,-223.7561492919922,-1176.2816162109375
2409335,381.7062683105469,-223.7561492919922,-1176.2816162109375
2409351,381.7062683105469,-223.7561492919922,-1176.2816162109375
2409367,381.7062683105469,-223.7561492919922,-1176.2816162109375
2409383,381.7062683105469,-223.7561492919922,-1176.2816162109375
2409399,381.7062683105469,-223.7561492919922,-1176.2816162109375
2409415,381.7062683105469,-223.7561492919922,-1176.2816162109375
2409431,381.7062683105469,-223.7561492919922,-1176.2816162109375
2409447,381.7062683105469,-223.7561492919922,-1176.2816162109375
2409463,381.7062683105469,-223.7561492919922,-1176.2816162109375
2409479,381.7062683105469,-223.7561492919922,-1176.2816162109375
2409495,381.7062683105469,-223.7561492919922,-1176.2816162109375
2409511,381.7062683105469,-223.7561492919922,-1176.2816162109375
2409527,381.7062683105469,-223.7561492919922,-1176.2816162109375
2409549,381.7062683105469,-223.7561492919922,-1176.2816162109375
2409571,381.7062683105469,-223.7561492919922,-1176.2816162109375
2409593,381.7062683105469,-223.7561492919922,-1176.2816162109375
2409609,381.7062683105469,-223.7561492919922,-1176.2816162109375
2409625,381.7062683105469,-223.7561492919922,-1176.2816162109375
2409641,381.7062683105469,-223.7561492919922,-1176.2816162109375
2409657,381.7062683105469,-223.7561492919922,-1176.2816162109375
2409673,381.7062683105469,-223.7561492919922,-1176.2816162109375
2409689,381.7062683105469,-223.7561492919922,-1176.2816162109375
2409705,381.7062683105469,-223.7561492919922,-1176.2816162109375
2409721,381.7062683105469,-223.7561492919922,-1176.2816162109375
2409737,381.7062683105469,-223.7561492919922,-1176.2816162109375
2409753,381.7062683105469,-223.7561492919922,-1176.2816162109375
2409769,381.7062683105469,-223.7561492919922,-1176.2816162109375
2409785,381.7062683105469,-223.7561492919922,-1176.2816162109375
2409801,381.7062683105469,-223.7561492919922,-1176.2816162109375
2409817,381.7062683105469,-223.7561492919922,-1176.2816162109375
2409833,381.7062683105469,-223.7561492919922,-1176.2816162109375
2409849,381.7062683105469,-223.7561492919922,-1176.2816162109375
2409865,381.7062683105469,-223.7561492919922,-1176.2816162109375
2409881,381.7062683105469,-223.7561492919922,-1176.2816162109375
2409897,381.7062683105469,-223.7561492919922,-1176.2816162109375
2409913,381.7062683105469,-223.7561492919922,-1176.2816162109375
2409929,381.7062683105469,-223.7561492919922,-1176.2816162109375
2409945,381.7062683105469,-223.7561492919922,-1176.2816162109375
2409961,381.7062683105469,-223.7561492919922,-1176.2816162109375
2409977,381.7062683105469,-223.7561492919922,-1176.2816162109375
2409993,381.7062683105469,-223.7561492919922,-1176.2816162109375
2410009,381.7062683105469,-223.7561492919922,-1176.2816162109375
2410025,381.7062683105469,-223.7561492919922,-1176.2816162109375
2410041,381.7062683105469,-223.7561492919922,-1176.2816162109375
2410057,381.7062683105469,-223.7561492919922,-1176.2816162109375
2410073,381.7062683105469,-223.7561492919922,-1176.2816162109375
2410089,381.7062683105469,-223.7561492919922,-1176.2816162109375
2410105,381.7062683105469,-223.7561492919922,-1176.2816162109375
2410121,381.7062683105469,-223.7561492919922,-1176.2816162109375
2410137,381.7062683105469,-223.7561492919922,-1176.2816162109375
2410153,381.7062683105469,-223.7561492919922,-1176.2816162109375
2410169,381.7062683105469,-223.7561492919922,-1176.2816162109375
2410185,381.7062683105469,-223.7561492919922,-1176.2816162109375
2410201,381.7062683105469,-223.7561492919922,-1176.2816162109375
2410217,381.7062683105469,-223.7561492919922,-1176.2816162109375
2410233,381.7062683105469,-223.7561492919922,-1176.2816162109375
2410249,381.7062683105469,-223.7561492919922,-1176.2816162109375
2410265,381.7062683105469,-223.7561492919922,-1176.2816162109375
2410281,381.7062683105469,-223.7561492919922,-1176.2816162109375
2410297,381.7062683105469,-223.7561492919922,-1176.2816162109375
2410313,381.7062683105469,-223.7561492919922,-1176.2816162109375
2410329,381.7062683105469,-223.7561492919922,-1176.2816162109375
2410345,381.7062683105469,-223.7561492919922,-1176.2816162109375
2410361,381.7062683105469,-223.7561492919922,-1176.2816162109375
2410377,381.7062683105469,-223.7561492919922,-1176.2816162109375
2410393,381.7062683105469,-223.7561492919922,-1176.2816162109375
2410409,381.7062683105469,-223.7561492919922,-1176.2816162109375
2410425,381.7062683105469,-223.7561492919922,-1176.2816162109375
2410441,381.7062683105469,-223.7561492919922,-1176.2816162109375
2410457,381.7062683105469,-223.7561492919922,-1176.2816162109375
2410473,381.7062683105469,-223.7561492919922,-1176.2816162109375
2410489,381.7062683105469,-223.7561492919922,-1176.2816162109375
2410505,381.7062683105469,-223.7561492919922,-1176.2816162109375
2410521,381.7062683105469,-223.7561492919922,-1176.2816162109375
2410537,381.7062683105469,-223.7561492919922,-1176.2816162109375
2410553,381.7062683105469,-223.7561492919922,-1176.2816162109375
2410569,381.7062683105469,-223.7561492919922,-1176.2816162109375
2410585,381.7062683105469,-223.7561492919922,-1176.2816162109375
2410601,381.7062683105469,-223.7561492919922,-1176.2816162109375
2410617,381.7062683105469,-223.7561492919922,-1176.2816162109375
2410633,381.7062683105469,-223.7561492919922,-1176.2816162109375
2410649,381.7062683105469,-223.7561492919922,-1176.2816162109375
2410665,381.7062683105469,-223.7561492919922,-1176.2816162109375
2410681,381.7062683105469,-223.7561492919922,-1176.2816162109375
2410697,381.7062683105469,-223.7561492919922,-1176.2816162109375
2410713,381.7062683105469,-223.7561492919922,-1176.2816162109375
2410729,381.7062683105469,-223.7561492919922,-1176.2816162109375
2410745,381.7062683105469,-223.7561492919922,-1176.2816162109375
2410761,381.7062683105469,-223.7561492919922,-1176.2816162109375
2410777,381.7062683105469,-223.7561492919922,-1176.2816162109375
2410793,381.7062683105469,-223.7561492919922,-1176.2816162109375
2410809,381.7062683105469,-223.7561492919922,-1176.2816162109375
2410825,381.7062683105469,-223.7561492919922,-1176.2816162109375
2410841,381.7062683105469,-223.7561492919922,-1176.2816162109375
2410857,381.7062683105469,-223.7561492919922,-1176.2816162109375
2410873,381.7062683105469,-223.7561492919922,-1176.2816162109375
2410889,381.7062683105469,-223.7561492919922,-1176.2816162109375
2410905,381.7062683105469,-223.7561492919922,-1176.2816162109375
2410921,381.7062683105469,-223.7561492919922,-1176.2816162109375
2410937,381.7062683105469,-223.7561492919922,-1176.2816162109375
2410953,381.7062683105469,-223.7561492919922,-1176.2816162109375
2410969,381.7062683105469,-223.7561492919922,-1176.2816162109375
2410985,381.7062683105469,-223.7561492919922,-1176.2816162109375
2411001,381.7062683105469,-223.7561492919922,-1176.2816162109375
